indicator_id,country_code,currency_code,indicator_key,indicator_name,macro_theme,primary_category,frequency,release_lag_days_median,release_lag_days_avg,is_headline_indicator,is_sub_indicator,headline_target_type,candidate_for_targets,actual_count,first_release_at_utc,last_release_at_utc,processed_at
17,US,USD,core_cpi_yoy,Core CPI (YoY),Inflation,inflation,monthly,41.00,41.60,True,False,,"[""CPI""]",46,2020-03-11T12:30:00+00:00,2026-04-10T12:30:00+00:00,2026-04-25T22:23:27.971269+00:00
18,US,USD,core_cpi_mom,Core CPI (MoM),Inflation,inflation,monthly,41.00,41.60,True,False,,"[""CPI""]",42,2020-03-11T12:30:00+00:00,2026-04-10T12:30:00+00:00,2026-04-25T22:23:27.971269+00:00
19,US,USD,cpi_headline_yoy,Headline CPI (YoY),Inflation,inflation,monthly,41.00,41.59,True,False,CPI,"[""CPI""]",63,2020-03-11T12:30:00+00:00,2026-04-10T12:30:00+00:00,2026-04-25T22:23:27.971269+00:00
20,US,USD,cpi_headline_mom,Headline CPI (MoM),Inflation,inflation,monthly,42.00,42.84,False,True,CPI,"[""CPI""]",56,2020-03-11T12:30:00+00:00,2026-04-10T12:30:00+00:00,2026-04-25T22:23:27.971269+00:00
21,US,USD,ppi_yoy,PPI (YoY),Inflation,inflation,monthly,43.00,46.80,False,True,,"[""CPI""]",47,2020-03-12T12:30:00+00:00,2026-04-14T12:30:00+00:00,2026-04-25T22:23:27.971269+00:00
22,US,USD,core_ppi_yoy,Core PPI (YoY),Inflation,inflation,monthly,43.00,46.76,False,True,,"[""CPI""]",47,2020-03-12T12:30:00+00:00,2026-04-14T12:30:00+00:00,2026-04-25T22:23:27.971269+00:00
23,US,USD,umich_inflation_exp_1y,UMich 1Y Inflation Expectations,Inflation,inflation,monthly,19.00,16.14,False,True,,"[""CPI""]",5,2026-01-23T09:00:00+00:00,2026-05-08T14:00:00+00:00,2026-04-25T22:23:27.971269+00:00
24,US,USD,umich_inflation_exp_5y,UMich 5Y Inflation Expectations,Inflation,inflation,monthly,18.00,18.17,False,True,,"[""CPI""]",104,2020-03-13T14:00:00+00:00,2026-05-08T14:00:00+00:00,2026-04-25T22:23:27.971269+00:00
25,US,USD,import_prices_yoy,Import Prices (YoY),Inflation,inflation,monthly,45.00,49.35,False,True,,"[""CPI""]",46,2020-03-13T12:30:00+00:00,2026-04-15T12:30:00+00:00,2026-04-25T22:23:27.971269+00:00
26,US,USD,nfp,Non-Farm Payrolls,Labor,labor,monthly,35.00,37.22,True,False,,"[""UNEMPLOYMENT"", ""CPI""]",48,2020-03-06T13:30:00+00:00,2026-05-08T12:30:00+00:00,2026-04-25T22:23:27.971269+00:00
27,US,USD,unemployment_rate,Unemployment Rate,Labor,labor,monthly,35.00,37.15,True,False,UNEMPLOYMENT,"[""UNEMPLOYMENT"", ""CPI""]",45,2020-03-06T13:30:00+00:00,2026-05-08T12:30:00+00:00,2026-04-25T22:23:27.971269+00:00
28,US,USD,avg_hourly_earnings_yoy,Average Hourly Earnings (YoY),Inflation,labor,monthly,35.00,37.33,True,True,,"[""CPI""]",45,2020-03-06T13:30:00+00:00,2026-05-08T12:30:00+00:00,2026-04-25T22:23:27.971269+00:00
29,US,USD,avg_hourly_earnings_mom,Average Hourly Earnings (MoM),Inflation,labor,monthly,35.00,37.15,False,True,,"[""CPI""]",46,2020-03-06T13:30:00+00:00,2026-05-08T12:30:00+00:00,2026-04-25T22:23:27.971269+00:00
30,US,USD,participation_rate,Labor Force Participation Rate,Labor,labor,monthly,35.00,37.22,False,True,,"[""UNEMPLOYMENT"", ""CPI""]",45,2020-03-06T13:30:00+00:00,2026-05-08T12:30:00+00:00,2026-04-25T22:23:27.971269+00:00
31,US,USD,u6_unemployment_rate,U-6 Underemployment Rate,Labor,labor,monthly,35.50,40.15,False,True,,"[""UNEMPLOYMENT"", ""CPI""]",20,2023-10-06T12:30:00+00:00,2026-05-08T12:30:00+00:00,2026-04-25T22:23:27.971269+00:00
32,US,USD,adp_employment_change,ADP Employment Change,Labor,labor,monthly,32.00,32.24,False,True,,"[""UNEMPLOYMENT"", ""CPI""]",44,2020-04-01T12:15:00+00:00,2026-05-06T12:15:00+00:00,2026-04-25T22:23:27.971269+00:00
33,US,USD,initial_jobless_claims,Initial Jobless Claims,Labor,labor,weekly,5.00,6.93,False,True,,"[""UNEMPLOYMENT"", ""CPI""]",224,2020-03-05T13:30:00+00:00,2026-05-07T12:30:00+00:00,2026-04-25T22:23:27.971269+00:00
34,US,USD,ism_manufacturing_pmi,ISM Manufacturing PMI,Growth,growth,monthly,31.00,30.96,True,False,,"[""GDP"", ""CPI"", ""UNEMPLOYMENT""]",42,2020-04-01T14:00:00+00:00,2026-05-01T14:00:00+00:00,2026-04-25T22:23:27.971269+00:00
35,US,USD,ism_manufacturing_prices,ISM Manufacturing Prices Paid,Inflation,growth,monthly,31.00,30.98,False,True,,"[""CPI""]",42,2020-04-01T14:00:00+00:00,2026-05-01T14:00:00+00:00,2026-04-25T22:23:27.971269+00:00
36,US,USD,ism_manufacturing_employment,ISM Manufacturing Employment,Labor,growth,monthly,31.00,30.98,False,True,,"[""UNEMPLOYMENT"", ""CPI""]",42,2020-04-01T14:00:00+00:00,2026-05-01T14:00:00+00:00,2026-04-25T22:23:27.971269+00:00
37,US,USD,ism_manufacturing_new_orders,ISM Manufacturing New Orders,Growth,growth,monthly,31.00,30.98,False,True,,"[""GDP"", ""CPI"", ""UNEMPLOYMENT""]",42,2020-04-01T14:00:00+00:00,2026-05-01T14:00:00+00:00,2026-04-25T22:23:27.971269+00:00
38,US,USD,sp_global_manufacturing_pmi,S&P Global Manufacturing PMI,Growth,growth,monthly,23.00,25.81,False,True,,"[""GDP"", ""CPI"", ""UNEMPLOYMENT""]",62,2022-04-01T13:45:00+00:00,2026-04-23T13:45:00+00:00,2026-04-25T22:23:27.971269+00:00
39,US,USD,sp_global_services_pmi,S&P Global Services PMI,Growth,growth,monthly,23.00,27.46,False,True,,"[""GDP"", ""CPI"", ""UNEMPLOYMENT""]",76,2022-04-05T13:45:00+00:00,2026-04-23T13:45:00+00:00,2026-04-25T22:23:27.971269+00:00
40,US,USD,sp_global_composite_pmi,S&P Global Composite PMI,Growth,growth,monthly,23.00,27.46,False,True,,"[""GDP"", ""CPI"", ""UNEMPLOYMENT""]",72,2022-04-05T13:45:00+00:00,2026-04-23T13:45:00+00:00,2026-04-25T22:23:27.971269+00:00
41,US,USD,retail_sales_mom,Retail Sales (MoM),Growth,growth,monthly,45.00,48.96,True,False,,"[""GDP"", ""CPI"", ""UNEMPLOYMENT""]",50,2020-03-17T12:30:00+00:00,2026-04-21T12:30:00+00:00,2026-04-25T22:23:27.971269+00:00
42,US,USD,retail_sales_yoy,Retail Sales (YoY),Growth,growth,monthly,45.00,48.77,False,True,,"[""GDP"", ""CPI"", ""UNEMPLOYMENT""]",52,2020-03-17T12:30:00+00:00,2026-04-21T12:30:00+00:00,2026-04-25T22:23:27.971269+00:00
43,US,USD,ny_empire_state_mfg,NY Empire State Manufacturing Index,Growth,growth,monthly,14.00,14.51,False,True,,"[""GDP"", ""CPI"", ""UNEMPLOYMENT""]",47,2020-03-16T12:30:00+00:00,2026-04-15T12:30:00+00:00,2026-04-25T22:23:27.971269+00:00
44,US,USD,philly_fed_mfg,Philadelphia Fed Manufacturing Index,Growth,growth,monthly,17.00,17.04,False,True,,"[""GDP"", ""CPI"", ""UNEMPLOYMENT""]",48,2020-03-19T12:30:00+00:00,2026-04-16T12:30:00+00:00,2026-04-25T22:23:27.971269+00:00
45,US,USD,umich_consumer_sentiment,UMich Consumer Sentiment,Growth,sentiment,monthly,19.00,18.25,False,True,,"[""GDP"", ""CPI"", ""UNEMPLOYMENT""]",103,2020-03-13T14:00:00+00:00,2026-05-08T14:00:00+00:00,2026-04-25T22:23:27.971269+00:00
46,US,USD,nfib_business_optimism,NFIB Business Optimism Index,Growth,sentiment,monthly,41.00,40.44,False,True,,"[""GDP"", ""CPI"", ""UNEMPLOYMENT""]",44,2020-03-10T10:00:00+00:00,2026-04-14T10:00:00+00:00,2026-04-25T22:23:27.971269+00:00
47,US,USD,fed_balance_sheet,Fed Balance Sheet,Other,monetary policy,weekly,1.00,-3.54,False,True,,[],75,2024-06-27T20:30:00+00:00,2026-05-07T20:30:00+00:00,2026-04-25T22:23:27.971269+00:00
48,UK,GBP,core_cpi_yoy,Core CPI (YoY),Inflation,inflation,monthly,48.00,47.92,True,False,,"[""CPI""]",76,2020-01-15T09:30:00+00:00,2026-04-22T06:00:00+00:00,2026-04-25T22:23:27.971269+00:00
49,UK,GBP,cpi_headline_yoy,Headline CPI (YoY),Inflation,inflation,monthly,48.00,48.06,True,False,CPI,"[""CPI""]",95,2020-01-15T09:30:00+00:00,2026-04-22T06:00:00+00:00,2026-04-25T22:23:27.971269+00:00
50,UK,GBP,cpi_headline_mom,Headline CPI (MoM),Inflation,inflation,monthly,48.00,48.11,False,True,CPI,"[""CPI""]",93,2020-01-15T09:30:00+00:00,2026-04-22T06:00:00+00:00,2026-04-25T22:23:27.971269+00:00
51,UK,GBP,ppi_output_yoy,PPI Output (YoY),Inflation,inflation,monthly,48.00,48.50,False,True,,"[""CPI""]",68,2020-01-15T09:30:00+00:00,2026-04-22T06:00:00+00:00,2026-04-25T22:23:27.971269+00:00
52,UK,GBP,ppi_input_yoy,PPI Input (YoY),Inflation,inflation,monthly,48.00,48.50,False,True,,"[""CPI""]",68,2020-01-15T09:30:00+00:00,2026-04-22T06:00:00+00:00,2026-04-25T22:23:27.971269+00:00
53,UK,GBP,unemployment_rate,Unemployment Rate,Labor,labor,monthly,75.00,75.56,True,False,UNEMPLOYMENT,"[""UNEMPLOYMENT"", ""CPI""]",76,2020-01-21T09:30:00+00:00,2026-04-21T06:00:00+00:00,2026-04-25T22:23:27.971269+00:00
54,UK,GBP,claimant_count_change,Claimant Count Change,Labor,labor,monthly,45.00,45.17,False,True,,"[""UNEMPLOYMENT"", ""CPI""]",76,2020-01-21T09:30:00+00:00,2026-04-21T06:00:00+00:00,2026-04-25T22:23:27.971269+00:00
55,UK,GBP,employment_change,Employment Change,Labor,labor,monthly,104.00,95.05,False,True,,"[""UNEMPLOYMENT"", ""CPI""]",76,2020-01-21T09:30:00+00:00,2026-04-21T06:00:00+00:00,2026-04-25T22:23:27.971269+00:00
56,UK,GBP,avg_earnings_incl_bonus,Average Earnings (incl. Bonus),Inflation,labor,monthly,75.00,75.47,False,True,,"[""CPI""]",75,2020-01-21T09:30:00+00:00,2026-04-21T06:00:00+00:00,2026-04-25T22:23:27.971269+00:00
57,UK,GBP,avg_earnings_excl_bonus,Average Earnings (excl. Bonus),Inflation,labor,monthly,75.00,46.51,True,True,,"[""CPI""]",100,2020-01-21T09:30:00+00:00,2026-04-21T06:00:00+00:00,2026-04-25T22:23:27.971269+00:00
58,UK,GBP,gdp_mom,GDP (MoM),Growth,growth,monthly,72.00,72.09,True,False,GDP,"[""GDP"", ""CPI"", ""UNEMPLOYMENT""]",69,2020-01-13T09:30:00+00:00,2026-04-16T06:00:00+00:00,2026-04-25T22:23:27.971269+00:00
59,UK,GBP,gdp_yoy,GDP (YoY),Growth,growth,monthly,72.00,84.21,True,False,GDP,"[""GDP"", ""CPI"", ""UNEMPLOYMENT""]",87,2020-01-13T09:30:00+00:00,2026-04-16T06:00:00+00:00,2026-04-25T22:23:27.971269+00:00
60,UK,GBP,gdp_qoq,GDP (QoQ),Growth,growth,quarterly,174.00,156.71,True,False,GDP,"[""GDP"", ""CPI"", ""UNEMPLOYMENT""]",44,2020-02-11T09:30:00+00:00,2026-03-31T06:00:00+00:00,2026-04-25T22:23:27.971269+00:00
61,UK,GBP,manufacturing_pmi,Manufacturing PMI,Growth,growth,monthly,30.00,26.57,False,True,,"[""GDP"", ""CPI"", ""UNEMPLOYMENT""]",46,2024-01-02T09:30:00+00:00,2026-04-23T08:30:00+00:00,2026-04-25T22:23:27.971269+00:00
62,UK,GBP,services_pmi,Services PMI,Growth,growth,monthly,32.00,28.11,True,False,,"[""GDP"", ""CPI"", ""UNEMPLOYMENT""]",51,2024-01-04T09:30:00+00:00,2026-04-23T08:30:00+00:00,2026-04-25T22:23:27.971269+00:00
63,UK,GBP,composite_pmi,Composite PMI,Growth,growth,monthly,32.00,28.11,False,True,,"[""GDP"", ""CPI"", ""UNEMPLOYMENT""]",51,2024-01-04T09:30:00+00:00,2026-04-23T08:30:00+00:00,2026-04-25T22:23:27.971269+00:00
64,UK,GBP,retail_sales_mom,Retail Sales (MoM),Growth,growth,monthly,50.00,50.57,True,False,,"[""GDP"", ""CPI"", ""UNEMPLOYMENT""]",74,2020-01-17T09:30:00+00:00,2026-04-24T06:00:00+00:00,2026-04-25T22:23:27.971269+00:00
65,UK,GBP,industrial_production_yoy,Industrial Production (YoY),Growth,growth,monthly,72.00,72.09,False,True,,"[""GDP"", ""CPI"", ""UNEMPLOYMENT""]",76,2020-01-13T09:30:00+00:00,2026-04-16T06:00:00+00:00,2026-04-25T22:23:27.971269+00:00
66,UK,GBP,bank_rate,Bank Rate,Other,monetary policy,irregular,18.00,15.71,True,False,,[],62,2020-01-30T12:00:00+00:00,2026-04-30T11:00:00+00:00,2026-04-25T22:23:27.971269+00:00
67,UK,GBP,halifax_hpi_yoy,Halifax House Price Index (YoY),Growth,housing,monthly,37.00,36.40,False,True,,"[""GDP"", ""CPI"", ""UNEMPLOYMENT""]",4,2026-01-08T07:00:00+00:00,2026-05-08T06:00:00+00:00,2026-04-25T22:23:27.971269+00:00
68,UK,GBP,nationwide_hpi_yoy,Nationwide House Prices (YoY),Growth,housing,monthly,30.00,30.14,False,True,,"[""GDP"", ""CPI"", ""UNEMPLOYMENT""]",75,2020-01-03T07:00:00+00:00,2026-04-30T06:00:00+00:00,2026-04-25T22:23:27.971269+00:00
69,UK,GBP,rightmove_hpi_yoy,Rightmove House Price Index (YoY),Growth,housing,monthly,16.00,16.00,False,True,,"[""GDP"", ""CPI"", ""UNEMPLOYMENT""]",3,2026-01-18T18:01:00+00:00,2026-04-19T23:01:00+00:00,2026-04-25T22:23:27.971269+00:00
70,UK,GBP,hmrc_payrolls_change,HMRC Payrolls Change,Labor,labor,monthly,44.50,44.52,False,True,,"[""UNEMPLOYMENT"", ""CPI""]",41,2022-12-13T07:00:00+00:00,2026-04-21T06:00:00+00:00,2026-04-25T22:23:27.971269+00:00
71,UK,GBP,core_cpi_mom,Core CPI (MoM),Inflation,inflation,monthly,48.00,47.92,False,True,,"[""CPI""]",70,2020-01-15T09:30:00+00:00,2026-04-22T06:00:00+00:00,2026-04-25T22:23:27.971269+00:00
72,UK,GBP,core_rpi_mom,Core RPI (MoM),Inflation,inflation,monthly,48.00,48.36,False,True,,"[""CPI""]",22,2024-02-14T07:00:00+00:00,2026-04-22T06:00:00+00:00,2026-04-25T22:23:27.971269+00:00
73,UK,GBP,core_rpi_yoy,Core RPI (YoY),Inflation,inflation,monthly,48.00,48.36,False,True,,"[""CPI""]",24,2024-02-14T07:00:00+00:00,2026-04-22T06:00:00+00:00,2026-04-25T22:23:27.971269+00:00
74,UK,GBP,ppi_core_output_mom,PPI Core Output (MoM),Inflation,inflation,monthly,48.00,48.50,False,True,,"[""CPI""]",55,2020-01-15T09:30:00+00:00,2026-04-22T06:00:00+00:00,2026-04-25T22:23:27.971269+00:00
75,UK,GBP,ppi_core_output_yoy,PPI Core Output (YoY),Inflation,inflation,monthly,48.00,48.50,False,True,,"[""CPI""]",67,2020-01-15T09:30:00+00:00,2026-04-22T06:00:00+00:00,2026-04-25T22:23:27.971269+00:00
76,UK,GBP,ppi_input_mom,PPI Input (MoM),Inflation,inflation,monthly,48.00,48.50,False,True,,"[""CPI""]",66,2020-01-15T09:30:00+00:00,2026-04-22T06:00:00+00:00,2026-04-25T22:23:27.971269+00:00
77,UK,GBP,ppi_output_mom,PPI Output (MoM),Inflation,inflation,monthly,48.00,48.50,False,True,,"[""CPI""]",58,2020-01-15T09:30:00+00:00,2026-04-22T06:00:00+00:00,2026-04-25T22:23:27.971269+00:00
78,UK,GBP,retail_price_index_mom,Retail Price Index (MoM),Inflation,inflation,monthly,48.00,47.92,False,True,,"[""CPI""]",72,2020-01-15T09:30:00+00:00,2026-04-22T06:00:00+00:00,2026-04-25T22:23:27.971269+00:00
79,UK,GBP,retail_price_index_yoy,Retail Price Index (YoY),Inflation,inflation,monthly,48.00,47.92,False,True,,"[""CPI""]",76,2020-01-15T09:30:00+00:00,2026-04-22T06:00:00+00:00,2026-04-25T22:23:27.971269+00:00
80,UK,GBP,house_price_index_yoy,House Price Index (YoY),Growth,housing,monthly,36.00,31.63,False,True,,"[""GDP"", ""CPI"", ""UNEMPLOYMENT""]",129,2020-01-08T08:30:00+00:00,2026-04-22T08:30:00+00:00,2026-04-25T22:23:27.971269+00:00
81,UK,GBP,public_sector_net_borrowing,Public Sector Net Borrowing,Growth,growth,monthly,51.00,51.38,False,True,,"[""GDP"", ""CPI"", ""UNEMPLOYMENT""]",72,2020-01-22T09:30:00+00:00,2026-04-23T06:00:00+00:00,2026-04-25T22:23:27.971269+00:00
82,UK,GBP,cbi_business_optimism,CBI Business Optimism Index,Growth,sentiment,quarterly,23.00,22.41,False,True,,"[""GDP"", ""CPI"", ""UNEMPLOYMENT""]",25,2020-01-22T11:00:00+00:00,2026-04-23T10:00:00+00:00,2026-04-25T22:23:27.971269+00:00
83,UK,GBP,cbi_industrial_trends_orders,CBI Industrial Trends Orders,Growth,sentiment,monthly,21.00,20.99,False,True,,"[""GDP"", ""CPI"", ""UNEMPLOYMENT""]",76,2020-01-22T11:00:00+00:00,2026-04-23T10:00:00+00:00,2026-04-25T22:23:27.971269+00:00
84,UK,GBP,consumer_confidence,Consumer Confidence,Growth,sentiment,monthly,21.00,20.90,False,True,,"[""GDP"", ""CPI"", ""UNEMPLOYMENT""]",78,2020-01-31T00:01:00+00:00,2026-04-23T23:01:00+00:00,2026-04-25T22:23:27.971269+00:00
85,UK,GBP,retail_sales_yoy,Retail Sales (YoY),Growth,growth,monthly,50.00,50.57,True,False,,"[""GDP"", ""CPI"", ""UNEMPLOYMENT""]",74,2020-01-17T09:30:00+00:00,2026-04-24T06:00:00+00:00,2026-04-25T22:23:27.971269+00:00
86,UK,GBP,retail_sales_ex_fuel_mom,Retail Sales Ex Fuel (MoM),Growth,growth,monthly,50.00,50.55,False,True,,"[""GDP"", ""CPI"", ""UNEMPLOYMENT""]",76,2020-01-17T09:30:00+00:00,2026-04-24T06:00:00+00:00,2026-04-25T22:23:27.971269+00:00
87,UK,GBP,retail_sales_ex_fuel_yoy,Retail Sales Ex Fuel (YoY),Growth,growth,monthly,50.00,50.55,False,True,,"[""GDP"", ""CPI"", ""UNEMPLOYMENT""]",76,2020-01-17T09:30:00+00:00,2026-04-24T06:00:00+00:00,2026-04-25T22:23:27.971269+00:00
88,EU,EUR,cpi_headline_yoy,Headline HICP (YoY),Inflation,inflation,monthly,37.00,38.75,True,False,CPI,"[""CPI""]",146,2020-01-07T10:00:00+00:00,2026-04-30T09:00:00+00:00,2026-04-25T22:23:27.971269+00:00
89,EU,EUR,core_cpi_yoy,Core HICP (YoY),Inflation,inflation,monthly,37.00,38.63,True,False,,"[""CPI""]",145,2020-01-07T10:00:00+00:00,2026-04-30T09:00:00+00:00,2026-04-25T22:23:27.971269+00:00
90,EU,EUR,unemployment_rate,Unemployment Rate,Labor,labor,monthly,62.00,61.77,True,False,UNEMPLOYMENT,"[""UNEMPLOYMENT"", ""CPI""]",76,2020-01-09T10:00:00+00:00,2026-04-30T09:00:00+00:00,2026-04-25T22:23:27.971269+00:00
91,EU,EUR,gdp_qoq,GDP (QoQ),Growth,growth,quarterly,135.00,137.97,True,False,GDP,"[""GDP"", ""CPI"", ""UNEMPLOYMENT""]",61,2020-01-31T10:00:00+00:00,2026-04-30T09:00:00+00:00,2026-04-25T22:23:27.971269+00:00
92,EU,EUR,ecb_deposit_rate,ECB Deposit Rate,Other,monetary policy,irregular,,,True,False,,[],31,2020-01-23T12:45:00+00:00,2026-04-30T12:15:00+00:00,2026-04-25T22:23:27.971269+00:00
93,EU,EUR,construction_output_mom,Construction Output (MoM),Growth,growth,monthly,79.50,79.32,False,True,,"[""GDP"", ""CPI"", ""UNEMPLOYMENT""]",21,2024-02-20T10:00:00+00:00,2026-04-20T09:00:00+00:00,2026-04-25T22:23:27.971269+00:00
94,EU,EUR,construction_output_yoy,Construction Output (YoY),Growth,growth,monthly,79.00,78.86,False,True,,"[""GDP"", ""CPI"", ""UNEMPLOYMENT""]",75,2020-01-17T10:00:00+00:00,2026-04-20T09:00:00+00:00,2026-04-25T22:23:27.971269+00:00
95,EU,EUR,zew_economic_sentiment,ZEW Economic Sentiment Index,Growth,sentiment,monthly,14.00,13.84,False,True,,"[""GDP"", ""CPI"", ""UNEMPLOYMENT""]",76,2020-01-21T10:00:00+00:00,2026-04-21T09:00:00+00:00,2026-04-25T22:23:27.971269+00:00
96,EU,EUR,consumer_confidence,Consumer Confidence,Growth,sentiment,monthly,22.00,23.99,False,True,,"[""GDP"", ""CPI"", ""UNEMPLOYMENT""]",131,2020-01-08T10:00:00+00:00,2026-04-22T14:00:00+00:00,2026-04-25T22:23:27.971269+00:00
97,EU,EUR,manufacturing_pmi,Manufacturing PMI,Growth,growth,monthly,28.00,26.31,False,True,,"[""GDP"", ""CPI"", ""UNEMPLOYMENT""]",124,2020-01-02T09:00:00+00:00,2026-04-23T08:00:00+00:00,2026-04-25T22:23:27.971269+00:00
98,EU,EUR,services_pmi,Services PMI,Growth,growth,monthly,31.50,28.06,False,True,,"[""GDP"", ""CPI"", ""UNEMPLOYMENT""]",31,2022-04-05T08:00:00+00:00,2026-04-23T08:00:00+00:00,2026-04-25T22:23:27.971269+00:00
99,EU,EUR,composite_pmi,Composite PMI,Growth,growth,monthly,31.50,28.06,False,True,,"[""GDP"", ""CPI"", ""UNEMPLOYMENT""]",31,2022-04-05T08:00:00+00:00,2026-04-23T08:00:00+00:00,2026-04-25T22:23:27.971269+00:00
100,EU,EUR,new_car_sales_yoy,New Car Sales (YoY),Growth,growth,monthly,53.00,53.33,False,True,,"[""GDP"", ""CPI"", ""UNEMPLOYMENT""]",5,2025-12-23T05:00:00+00:00,2026-04-23T04:00:00+00:00,2026-04-25T22:23:27.971269+00:00
101,JP,JPY,cpi_headline_yoy,Headline CPI (YoY),Inflation,inflation,monthly,49.00,48.23,True,False,CPI,"[""CPI""]",104,2020-01-23T23:30:00+00:00,2026-04-30T23:30:00+00:00,2026-04-25T22:23:27.971269+00:00
102,JP,JPY,core_cpi_yoy,Core CPI (YoY),Inflation,inflation,monthly,39.00,38.17,True,False,,"[""CPI""]",166,2020-01-23T23:30:00+00:00,2026-04-30T23:30:00+00:00,2026-04-25T22:23:27.971269+00:00
103,JP,JPY,unemployment_rate,Unemployment Rate,Labor,labor,monthly,58.00,58.25,False,True,UNEMPLOYMENT,"[""UNEMPLOYMENT"", ""CPI""]",75,2020-01-30T23:30:00+00:00,2026-05-01T23:30:00+00:00,2026-04-25T22:23:27.971269+00:00
104,JP,JPY,gdp_qoq,GDP (QoQ),Growth,growth,quarterly,147.50,148.52,True,False,GDP,"[""GDP"", ""CPI"", ""UNEMPLOYMENT""]",48,2020-02-16T23:50:00+00:00,2026-02-15T23:50:00+00:00,2026-04-25T22:23:27.971269+00:00
105,JP,JPY,tertiary_industry_index_mom,Tertiary Industry Index (MoM),Growth,growth,monthly,76.00,76.18,False,True,,"[""GDP"", ""CPI"", ""UNEMPLOYMENT""]",75,2020-01-17T04:30:00+00:00,2026-04-20T04:30:00+00:00,2026-04-25T22:23:27.971269+00:00
106,JP,JPY,adjusted_trade_balance,Adjusted Trade Balance,Growth,growth,monthly,,,False,True,,"[""GDP"", ""CPI"", ""UNEMPLOYMENT""]",18,2026-01-21T17:50:00+00:00,2026-04-21T23:50:00+00:00,2026-04-25T22:23:27.971269+00:00
107,JP,JPY,balance_of_trade,Balance of Trade,Growth,growth,monthly,47.00,47.13,False,True,,"[""GDP"", ""CPI"", ""UNEMPLOYMENT""]",78,2020-01-22T23:50:00+00:00,2026-04-21T23:50:00+00:00,2026-04-25T22:23:27.971269+00:00
108,JP,JPY,exports_yoy,Exports (YoY),Growth,growth,monthly,47.00,47.13,False,True,,"[""GDP"", ""CPI"", ""UNEMPLOYMENT""]",76,2020-01-22T23:50:00+00:00,2026-04-21T23:50:00+00:00,2026-04-25T22:23:27.971269+00:00
109,JP,JPY,imports_yoy,Imports (YoY),Growth,growth,monthly,47.00,47.13,False,True,,"[""GDP"", ""CPI"", ""UNEMPLOYMENT""]",76,2020-01-22T23:50:00+00:00,2026-04-21T23:50:00+00:00,2026-04-25T22:23:27.971269+00:00
110,JP,JPY,manufacturing_pmi,S&P Global Manufacturing PMI,Growth,growth,monthly,25.00,26.10,False,True,,"[""GDP"", ""CPI"", ""UNEMPLOYMENT""]",149,2020-01-06T00:30:00+00:00,2026-04-23T00:30:00+00:00,2026-04-25T22:23:27.971269+00:00
111,JP,JPY,services_pmi,S&P Global Services PMI,Growth,growth,monthly,25.00,27.44,False,True,,"[""GDP"", ""CPI"", ""UNEMPLOYMENT""]",167,2020-01-07T00:30:00+00:00,2026-04-23T00:30:00+00:00,2026-04-25T22:23:27.971269+00:00
112,JP,JPY,composite_pmi,S&P Global Composite PMI,Growth,growth,monthly,30.00,27.73,False,True,,"[""GDP"", ""CPI"", ""UNEMPLOYMENT""]",142,2020-01-07T00:30:00+00:00,2026-04-23T00:30:00+00:00,2026-04-25T22:23:27.971269+00:00
113,JP,JPY,cpi_headline_mom,Headline CPI (MoM),Inflation,inflation,monthly,50.00,48.94,False,True,CPI,"[""CPI""]",98,2020-01-23T23:30:00+00:00,2026-04-30T23:30:00+00:00,2026-04-25T22:23:27.971269+00:00
114,JP,JPY,tokyo_core_cpi_yoy,Tokyo Core CPI (YoY),Inflation,inflation,monthly,,,True,False,,"[""CPI""]",0,2026-04-24T23:30:00+00:00,2026-04-24T23:30:00+00:00,2026-04-25T22:23:27.971269+00:00
115,AU,AUD,cpi_headline_yoy,Headline CPI (YoY),Inflation,inflation,quarterly,116.00,96.41,True,False,CPI,"[""CPI""]",70,2020-01-29T00:30:00+00:00,2026-04-29T01:30:00+00:00,2026-04-25T22:23:27.971269+00:00
116,AU,AUD,cpi_headline_mom,Headline CPI (MoM),Inflation,inflation,monthly,58.00,58.08,True,False,CPI,"[""CPI""]",25,2025-11-26T00:30:00+00:00,2026-04-29T01:30:00+00:00,2026-04-25T22:23:27.971269+00:00
117,AU,AUD,cpi_headline_qoq,Headline CPI (QoQ),Inflation,inflation,quarterly,118.00,112.97,True,False,CPI,"[""CPI""]",26,2020-01-29T00:30:00+00:00,2026-04-29T01:30:00+00:00,2026-04-25T22:23:27.971269+00:00
118,AU,AUD,consumer_price_index,Consumer Price Index,Inflation,inflation,monthly,117.00,101.32,False,True,,"[""CPI""]",23,2022-10-26T00:30:00+00:00,2026-04-29T01:30:00+00:00,2026-04-25T22:23:27.971269+00:00
119,AU,AUD,rba_trimmed_mean_cpi_qoq,RBA Trimmed Mean CPI (QoQ),Inflation,inflation,quarterly,118.00,118.12,True,False,,"[""CPI""]",25,2020-01-29T00:30:00+00:00,2026-04-29T01:30:00+00:00,2026-04-25T22:23:27.971269+00:00
120,AU,AUD,rba_trimmed_mean_cpi_yoy,RBA Trimmed Mean CPI (YoY),Inflation,inflation,quarterly,118.00,118.12,True,False,,"[""CPI""]",25,2020-01-29T00:30:00+00:00,2026-04-29T01:30:00+00:00,2026-04-25T22:23:27.971269+00:00
121,AU,AUD,export_price_index_qoq,Export Price Index (QoQ),Inflation,inflation,quarterly,119.50,119.35,False,True,,"[""CPI""]",40,2020-01-30T00:30:00+00:00,2026-04-30T01:30:00+00:00,2026-04-25T22:23:27.971269+00:00
122,AU,AUD,import_price_index_qoq,Import Price Index (QoQ),Inflation,inflation,quarterly,119.00,119.29,False,True,,"[""CPI""]",32,2020-01-30T00:30:00+00:00,2026-04-30T01:30:00+00:00,2026-04-25T22:23:27.971269+00:00
123,AU,AUD,producer_price_index_qoq,Producer Price Index (QoQ),Inflation,inflation,quarterly,120.00,120.15,False,True,,"[""CPI""]",25,2020-01-31T00:30:00+00:00,2026-05-01T01:30:00+00:00,2026-04-25T22:23:27.971269+00:00
124,AU,AUD,producer_price_index_yoy,Producer Price Index (YoY),Inflation,inflation,quarterly,120.00,120.15,False,True,,"[""CPI""]",25,2020-01-31T00:30:00+00:00,2026-05-01T01:30:00+00:00,2026-04-25T22:23:27.971269+00:00
125,AU,AUD,commodity_prices_yoy,Commodity Prices (YoY),Inflation,inflation,monthly,31.00,30.76,False,True,,"[""CPI""]",52,2022-01-04T01:30:00+00:00,2026-05-01T06:30:00+00:00,2026-04-25T22:23:27.971269+00:00
126,AU,AUD,unemployment_rate,Unemployment Rate,Labor,labor,monthly,46.00,46.20,True,False,UNEMPLOYMENT,"[""UNEMPLOYMENT"", ""CPI""]",76,2020-01-23T00:30:00+00:00,2026-04-16T01:30:00+00:00,2026-04-25T22:23:27.971269+00:00
127,AU,AUD,employment_change,Employment Change,Labor,labor,monthly,46.00,46.20,True,False,,"[""UNEMPLOYMENT"", ""CPI""]",76,2020-01-23T00:30:00+00:00,2026-04-16T01:30:00+00:00,2026-04-25T22:23:27.971269+00:00
128,AU,AUD,full_time_employment_change,Full-Time Employment Change,Labor,labor,monthly,46.00,46.20,True,False,,"[""UNEMPLOYMENT"", ""CPI""]",76,2020-01-23T00:30:00+00:00,2026-04-16T01:30:00+00:00,2026-04-25T22:23:27.971269+00:00
129,AU,AUD,part_time_employment_change,Part-Time Employment Change,Labor,labor,monthly,46.00,46.20,True,False,,"[""UNEMPLOYMENT"", ""CPI""]",76,2020-01-23T00:30:00+00:00,2026-04-16T01:30:00+00:00,2026-04-25T22:23:27.971269+00:00
130,AU,AUD,cash_rate,Cash Rate,Other,monetary policy,irregular,7.00,9.63,True,False,,[],59,2020-02-04T03:30:00+00:00,2026-05-05T04:30:00+00:00,2026-04-25T22:23:27.971269+00:00
131,AU,AUD,leading_index_mom,Leading Index (MoM),Growth,growth,monthly,49.00,49.71,False,True,,"[""GDP"", ""CPI"", ""UNEMPLOYMENT""]",122,2020-01-29T01:00:00+00:00,2026-04-22T01:00:00+00:00,2026-04-25T22:23:27.971269+00:00
132,AU,AUD,private_sector_credit_mom,Private Sector Credit (MoM),Growth,growth,monthly,60.00,58.73,False,True,,"[""GDP"", ""CPI"", ""UNEMPLOYMENT""]",75,2020-01-31T00:30:00+00:00,2026-04-30T01:30:00+00:00,2026-04-25T22:23:27.971269+00:00
133,AU,AUD,private_sector_credit_yoy,Private Sector Credit (YoY),Growth,growth,monthly,60.00,58.73,False,True,,"[""GDP"", ""CPI"", ""UNEMPLOYMENT""]",75,2020-01-31T00:30:00+00:00,2026-04-30T01:30:00+00:00,2026-04-25T22:23:27.971269+00:00
134,AU,AUD,manufacturing_pmi,Manufacturing PMI,Growth,growth,monthly,22.00,25.10,False,True,,"[""GDP"", ""CPI"", ""UNEMPLOYMENT""]",113,2020-01-01T22:00:00+00:00,2026-04-22T23:00:00+00:00,2026-04-25T22:23:27.971269+00:00
135,AU,AUD,services_pmi,Services PMI,Growth,growth,monthly,22.00,26.23,False,True,,"[""GDP"", ""CPI"", ""UNEMPLOYMENT""]",125,2020-01-05T22:00:00+00:00,2026-04-22T23:00:00+00:00,2026-04-25T22:23:27.971269+00:00
136,AU,AUD,composite_pmi,Composite PMI,Growth,growth,monthly,31.00,26.64,False,True,,"[""GDP"", ""CPI"", ""UNEMPLOYMENT""]",96,2020-01-05T22:00:00+00:00,2026-04-22T23:00:00+00:00,2026-04-25T22:23:27.971269+00:00
137,NZ,NZD,cpi_headline_yoy,Headline CPI (YoY),Inflation,inflation,quarterly,109.00,109.42,True,False,CPI,"[""CPI""]",26,2020-01-23T21:45:00+00:00,2026-04-20T22:45:00+00:00,2026-04-25T22:23:27.971269+00:00
138,NZ,NZD,unemployment_rate,Unemployment Rate,Labor,labor,quarterly,124.00,124.15,True,False,UNEMPLOYMENT,"[""UNEMPLOYMENT"", ""CPI""]",25,2020-02-04T21:45:00+00:00,2026-05-05T22:45:00+00:00,2026-04-25T22:23:27.971269+00:00
139,NZ,NZD,official_cash_rate,Official Cash Rate,Other,monetary policy,irregular,,,True,False,,[],29,2021-11-24T01:00:00+00:00,2026-04-08T02:00:00+00:00,2026-04-25T22:23:27.971269+00:00
140,NZ,NZD,cpi_headline_qoq,Headline CPI (QoQ),Inflation,inflation,quarterly,109.00,109.42,True,False,CPI,"[""CPI""]",26,2020-01-23T21:45:00+00:00,2026-04-20T22:45:00+00:00,2026-04-25T22:23:27.971269+00:00
141,NZ,NZD,consumer_price_index,Consumer Price Index,Inflation,inflation,quarterly,109.00,115.71,False,True,,"[""CPI""]",14,2023-01-24T21:45:00+00:00,2026-04-20T22:45:00+00:00,2026-04-25T22:23:27.971269+00:00
142,NZ,NZD,balance_of_trade,Balance of Trade,Growth,growth,monthly,51.00,51.88,False,True,,"[""GDP"", ""CPI"", ""UNEMPLOYMENT""]",76,2020-01-29T21:45:00+00:00,2026-04-19T22:45:00+00:00,2026-04-25T22:23:27.971269+00:00
143,NZ,NZD,balance_of_trade_mom,Balance of Trade (MoM),Growth,growth,monthly,49.00,50.50,False,True,,"[""GDP"", ""CPI"", ""UNEMPLOYMENT""]",4,2026-01-28T15:45:00+00:00,2026-04-19T22:45:00+00:00,2026-04-25T22:23:27.971269+00:00
144,NZ,NZD,balance_of_trade_yoy,Balance of Trade (YoY),Growth,growth,monthly,49.00,50.50,False,True,,"[""GDP"", ""CPI"", ""UNEMPLOYMENT""]",4,2026-01-28T15:45:00+00:00,2026-04-19T22:45:00+00:00,2026-04-25T22:23:27.971269+00:00
145,NZ,NZD,exports,Exports,Growth,growth,monthly,51.00,51.88,False,True,,"[""GDP"", ""CPI"", ""UNEMPLOYMENT""]",76,2020-01-29T21:45:00+00:00,2026-04-19T22:45:00+00:00,2026-04-25T22:23:27.971269+00:00
146,NZ,NZD,imports,Imports,Growth,growth,monthly,51.00,53.19,False,True,,"[""GDP"", ""CPI"", ""UNEMPLOYMENT""]",85,2020-01-29T21:45:00+00:00,2026-04-19T22:45:00+00:00,2026-04-25T22:23:27.971269+00:00
147,NZ,NZD,business_confidence,Business Confidence,Growth,growth,monthly,29.00,42.96,False,True,,"[""GDP"", ""CPI"", ""UNEMPLOYMENT""]",109,2020-01-13T21:00:00+00:00,2026-04-30T01:00:00+00:00,2026-04-25T22:23:27.971269+00:00
148,NZ,NZD,capacity_utilization,Capacity Utilization,Growth,growth,quarterly,97.00,102.22,False,True,,"[""GDP"", ""CPI"", ""UNEMPLOYMENT""]",27,2020-01-13T21:00:00+00:00,2026-04-20T22:00:00+00:00,2026-04-25T22:23:27.971269+00:00
149,NZ,NZD,global_dairy_trade_price_index,Global Dairy Trade Price Index,Growth,growth,irregular,0.00,-0.30,False,True,,"[""GDP"", ""CPI"", ""UNEMPLOYMENT""]",222,2020-01-07T14:40:00+00:00,2026-04-21T15:30:00+00:00,2026-04-25T22:23:27.971269+00:00
150,NZ,NZD,milk_auctions,Milk Auctions,Growth,growth,irregular,,,False,True,,"[""GDP"", ""CPI"", ""UNEMPLOYMENT""]",37,2024-02-20T15:00:00+00:00,2026-04-21T15:00:00+00:00,2026-04-25T22:23:27.971269+00:00
151,NZ,NZD,credit_card_spending_yoy,Credit Card Spending (YoY),Growth,growth,monthly,51.00,52.67,False,True,,"[""GDP"", ""CPI"", ""UNEMPLOYMENT""]",63,2020-10-21T02:00:00+00:00,2026-04-23T03:00:00+00:00,2026-04-25T22:23:27.971269+00:00
152,CA,CAD,cpi_headline_yoy,Headline CPI (YoY),Inflation,inflation,monthly,48.00,48.09,True,False,CPI,"[""CPI""]",118,2020-01-22T13:30:00+00:00,2026-04-20T12:30:00+00:00,2026-04-25T22:23:27.971269+00:00
153,CA,CAD,core_cpi_yoy,Core CPI (YoY),Inflation,inflation,monthly,48.00,48.08,True,False,,"[""CPI""]",76,2020-01-22T13:30:00+00:00,2026-04-20T12:30:00+00:00,2026-04-25T22:23:27.971269+00:00
154,CA,CAD,unemployment_rate,Unemployment Rate,Labor,labor,monthly,37.00,36.58,True,False,UNEMPLOYMENT,"[""UNEMPLOYMENT"", ""CPI""]",76,2020-01-10T13:30:00+00:00,2026-05-08T12:30:00+00:00,2026-04-25T22:23:27.971269+00:00
155,CA,CAD,employment_change,Employment Change,Labor,labor,monthly,37.00,36.58,True,False,,"[""UNEMPLOYMENT"", ""CPI""]",76,2020-01-10T13:30:00+00:00,2026-05-08T12:30:00+00:00,2026-04-25T22:23:27.971269+00:00
156,CA,CAD,full_time_employment_change,Full-Time Employment Change,Labor,labor,monthly,37.00,36.58,True,False,,"[""UNEMPLOYMENT"", ""CPI""]",76,2020-01-10T13:30:00+00:00,2026-05-08T12:30:00+00:00,2026-04-25T22:23:27.971269+00:00
157,CA,CAD,part_time_employment_change,Part-Time Employment Change,Labor,labor,monthly,37.00,36.58,True,False,,"[""UNEMPLOYMENT"", ""CPI""]",76,2020-01-10T13:30:00+00:00,2026-05-08T12:30:00+00:00,2026-04-25T22:23:27.971269+00:00
158,CA,CAD,overnight_rate,Overnight Rate,Other,monetary policy,irregular,,,True,False,,[],46,2020-01-22T15:00:00+00:00,2026-04-29T13:45:00+00:00,2026-04-25T22:23:27.971269+00:00
159,CA,CAD,cpi_headline_mom,Headline CPI (MoM),Inflation,inflation,monthly,48.00,48.10,False,True,CPI,"[""CPI""]",91,2020-01-22T13:30:00+00:00,2026-04-20T12:30:00+00:00,2026-04-25T22:23:27.971269+00:00
160,CA,CAD,core_cpi_mom,Core CPI (MoM),Inflation,inflation,monthly,48.00,48.18,False,True,,"[""CPI""]",45,2022-04-20T12:30:00+00:00,2026-04-20T12:30:00+00:00,2026-04-25T22:23:27.971269+00:00
161,CA,CAD,boc_business_outlook_survey,BoC Business Outlook Survey,Growth,growth,quarterly,,,False,True,,"[""GDP"", ""CPI"", ""UNEMPLOYMENT""]",0,2026-04-20T14:30:00+00:00,2026-04-20T14:30:00+00:00,2026-04-25T22:23:27.971269+00:00
162,CA,CAD,new_housing_price_index_mom,New Housing Price Index (MoM),Inflation,housing,monthly,50.50,50.55,False,True,,"[""CPI""]",65,2020-01-22T13:30:00+00:00,2026-04-22T12:30:00+00:00,2026-04-25T22:23:27.971269+00:00
163,CA,CAD,new_housing_price_index_yoy,New Housing Price Index (YoY),Inflation,housing,monthly,50.00,50.62,False,True,,"[""CPI""]",63,2020-01-22T13:30:00+00:00,2026-04-23T12:30:00+00:00,2026-04-25T22:23:27.971269+00:00
164,CA,CAD,manufacturing_sales_mom,Manufacturing Sales (MoM),Growth,growth,monthly,73.00,65.43,False,True,,"[""GDP"", ""CPI"", ""UNEMPLOYMENT""]",130,2020-01-21T13:30:00+00:00,2026-04-23T12:30:00+00:00,2026-04-25T22:23:27.971269+00:00
165,CA,CAD,ppi_yoy,PPI (YoY),Inflation,inflation,monthly,50.50,51.73,False,True,,"[""CPI""]",87,2020-01-06T13:30:00+00:00,2026-04-23T12:30:00+00:00,2026-04-25T22:23:27.971269+00:00
166,CA,CAD,ppi_mom,PPI (MoM),Inflation,inflation,monthly,50.50,52.08,False,True,,"[""CPI""]",84,2020-01-06T13:30:00+00:00,2026-04-23T12:30:00+00:00,2026-04-25T22:23:27.971269+00:00
167,CA,CAD,raw_materials_prices_yoy,Raw Materials Prices (YoY),Inflation,inflation,monthly,51.00,53.06,False,True,,"[""CPI""]",76,2020-01-06T13:30:00+00:00,2026-04-23T12:30:00+00:00,2026-04-25T22:23:27.971269+00:00
168,CA,CAD,raw_materials_prices_mom,Raw Materials Prices (MoM),Inflation,inflation,monthly,51.00,53.21,False,True,,"[""CPI""]",76,2020-01-06T13:30:00+00:00,2026-04-23T12:30:00+00:00,2026-04-25T22:23:27.971269+00:00
169,CA,CAD,retail_sales_yoy,Retail Sales (YoY),Growth,growth,monthly,81.00,81.25,False,True,,"[""GDP"", ""CPI"", ""UNEMPLOYMENT""]",75,2020-01-24T13:30:00+00:00,2026-04-24T12:30:00+00:00,2026-04-25T22:23:27.971269+00:00
170,CA,CAD,retail_sales_ex_autos_mom,Retail Sales Ex Autos (MoM),Growth,growth,monthly,81.00,81.25,False,True,,"[""GDP"", ""CPI"", ""UNEMPLOYMENT""]",73,2020-01-24T13:30:00+00:00,2026-04-24T12:30:00+00:00,2026-04-25T22:23:27.971269+00:00
171,CA,CAD,budget_balance,Budget Balance,Growth,growth,monthly,87.00,88.51,False,True,,"[""GDP"", ""CPI"", ""UNEMPLOYMENT""]",75,2020-01-31T16:00:00+00:00,2026-04-24T15:00:00+00:00,2026-04-25T22:23:27.971269+00:00
172,CH,CHF,cpi_headline_yoy,Headline CPI (YoY),Inflation,inflation,monthly,33.00,33.75,True,False,CPI,"[""CPI""]",78,2020-01-07T07:30:00+00:00,2026-05-05T06:30:00+00:00,2026-04-25T22:23:27.971269+00:00
173,CH,CHF,unemployment_rate,Unemployment Rate,Labor,labor,monthly,37.00,36.45,False,True,UNEMPLOYMENT,"[""UNEMPLOYMENT"", ""CPI""]",76,2020-01-10T06:45:00+00:00,2026-05-07T07:00:00+00:00,2026-04-25T22:23:27.971269+00:00
174,CH,CHF,gdp_qoq,GDP (QoQ),Growth,growth,quarterly,151.00,151.28,True,False,GDP,"[""GDP"", ""CPI"", ""UNEMPLOYMENT""]",23,2020-03-03T06:45:00+00:00,2026-02-27T08:00:00+00:00,2026-04-25T22:23:27.971269+00:00
175,CH,CHF,policy_rate,SNB Policy Rate,Other,monetary policy,irregular,,,True,False,,[],14,2020-03-19T08:30:00+00:00,2026-03-19T08:30:00+00:00,2026-04-25T22:23:27.971269+00:00
176,CH,CHF,balance_of_trade,Balance of Trade,Growth,growth,monthly,49.00,50.43,False,True,,"[""GDP"", ""CPI"", ""UNEMPLOYMENT""]",76,2020-01-28T07:00:00+00:00,2026-04-21T06:00:00+00:00,2026-04-25T22:23:27.971269+00:00
177,CH,CHF,m3_money_supply,M3 Money Supply,Other,monetary policy,monthly,51.00,51.17,False,True,,[],5,2025-12-22T02:00:00+00:00,2026-04-21T07:00:00+00:00,2026-04-25T22:23:27.971269+00:00
178,US,USD,continuing_jobless_claims,Continuing Jobless Claims,Labor,labor,weekly,12.00,12.36,False,True,,"[""UNEMPLOYMENT"", ""CPI""]",222,2020-03-05T13:30:00+00:00,2026-05-07T12:30:00+00:00,2026-04-25T22:23:27.971269+00:00
179,US,USD,jobless_claims_4week_average,Jobless Claims 4-Week Average,Labor,labor,weekly,5.00,6.97,False,True,,"[""UNEMPLOYMENT"", ""CPI""]",219,2020-04-02T12:30:00+00:00,2026-05-07T12:30:00+00:00,2026-04-25T22:23:27.971269+00:00
180,US,USD,ism_services_business_activity,ISM Services Business Activity,Growth,growth,monthly,34.00,33.69,False,True,,"[""GDP"", ""CPI"", ""UNEMPLOYMENT""]",24,2023-05-03T14:00:00+00:00,2026-05-05T14:00:00+00:00,2026-04-25T22:23:27.971269+00:00
181,US,USD,ism_services_employment,ISM Services Employment,Labor,growth,monthly,34.00,33.58,False,True,,"[""UNEMPLOYMENT"", ""CPI""]",35,2020-03-04T15:00:00+00:00,2026-05-05T14:00:00+00:00,2026-04-25T22:23:27.971269+00:00
182,US,USD,new_home_sales,New Home Sales,Growth,housing,monthly,54.00,60.10,False,True,,"[""GDP"", ""CPI"", ""UNEMPLOYMENT""]",51,2020-03-24T14:00:00+00:00,2026-05-05T14:00:00+00:00,2026-04-25T22:23:27.971269+00:00
183,US,USD,economic_optimism_index,Economic Optimism Index,Growth,sentiment,monthly,4.00,4.00,False,True,,"[""GDP"", ""CPI"", ""UNEMPLOYMENT""]",2,2026-03-03T15:10:00+00:00,2026-05-05T14:10:00+00:00,2026-04-25T22:23:27.971269+00:00
184,US,USD,redbook_yoy,Redbook Retail Sales (YoY),Growth,growth,weekly,3.00,3.07,False,True,,"[""GDP"", ""CPI"", ""UNEMPLOYMENT""]",205,2020-03-10T12:55:00+00:00,2026-05-05T12:55:00+00:00,2026-04-25T22:23:27.971269+00:00
185,UK,GBP,niesr_monthly_gdp_tracker,NIESR Monthly GDP Tracker,Growth,growth,monthly,42.00,51.74,False,True,,"[""GDP"", ""CPI"", ""UNEMPLOYMENT""]",85,2020-01-13T14:00:00+00:00,2026-04-16T13:30:00+00:00,2026-04-25T22:23:27.971269+00:00
186,UK,GBP,house_price_index_mom,House Price Index (MoM),Growth,housing,monthly,36.00,33.74,False,True,,"[""GDP"", ""CPI"", ""UNEMPLOYMENT""]",86,2020-01-08T08:30:00+00:00,2025-12-15T00:01:00+00:00,2026-04-25T22:23:27.971269+00:00
187,EU,EUR,cpi_headline_mom,Headline HICP (MoM),Inflation,inflation,monthly,37.00,38.87,False,True,CPI,"[""CPI""]",137,2020-01-17T10:00:00+00:00,2026-04-30T09:00:00+00:00,2026-04-25T22:23:27.971269+00:00
188,EU,EUR,cpi_index,Consumer Price Index,Inflation,inflation,monthly,35.00,38.37,False,True,,"[""CPI""]",97,2022-03-02T10:00:00+00:00,2026-04-30T09:00:00+00:00,2026-04-25T22:23:27.971269+00:00
189,EU,EUR,economic_sentiment,Economic Sentiment,Growth,sentiment,monthly,28.00,25.80,False,True,,"[""GDP"", ""CPI"", ""UNEMPLOYMENT""]",98,2020-01-08T10:00:00+00:00,2026-04-29T09:00:00+00:00,2026-04-25T22:23:27.971269+00:00
190,EU,EUR,consumer_inflation_expectation,Consumer Inflation Expectation,Inflation,inflation,monthly,29.00,38.84,False,True,,"[""CPI""]",107,2020-01-08T10:00:00+00:00,2026-04-29T09:00:00+00:00,2026-04-25T22:23:27.971269+00:00
191,JP,JPY,cpi_index,Consumer Price Index,Inflation,inflation,monthly,27.00,31.66,False,True,,"[""CPI""]",89,2020-01-30T23:30:00+00:00,2025-11-27T23:30:00+00:00,2026-04-25T22:23:27.971269+00:00
192,JP,JPY,industrial_production_mom,Industrial Production (MoM),Growth,growth,monthly,59.00,56.15,False,True,,"[""GDP"", ""CPI"", ""UNEMPLOYMENT""]",183,2020-01-20T04:30:00+00:00,2026-04-29T23:50:00+00:00,2026-04-25T22:23:27.971269+00:00
193,JP,JPY,industrial_production_yoy,Industrial Production (YoY),Growth,growth,monthly,72.00,67.11,False,True,,"[""GDP"", ""CPI"", ""UNEMPLOYMENT""]",146,2020-01-20T04:30:00+00:00,2026-04-29T23:50:00+00:00,2026-04-25T22:23:27.971269+00:00
194,JP,JPY,leading_economic_index,Leading Economic Index,Growth,growth,monthly,71.00,76.15,False,True,,"[""GDP"", ""CPI"", ""UNEMPLOYMENT""]",195,2020-01-10T05:00:00+00:00,2026-05-08T05:00:00+00:00,2026-04-25T22:23:27.971269+00:00
195,JP,JPY,coincident_index,Coincident Index,Growth,growth,monthly,72.00,76.26,False,True,,"[""GDP"", ""CPI"", ""UNEMPLOYMENT""]",152,2020-01-10T05:00:00+00:00,2026-05-08T05:00:00+00:00,2026-04-25T22:23:27.971269+00:00
196,JP,JPY,machine_tool_orders_yoy,Machine Tool Orders (YoY),Growth,growth,monthly,40.00,40.60,False,True,,"[""GDP"", ""CPI"", ""UNEMPLOYMENT""]",80,2020-01-15T06:00:00+00:00,2026-04-09T06:00:00+00:00,2026-04-25T22:23:27.971269+00:00
197,JP,JPY,foreign_bond_investment,Foreign Bond Investment,Growth,trade,weekly,4.00,-5.16,False,True,,"[""GDP"", ""CPI"", ""UNEMPLOYMENT""]",329,2020-01-08T23:50:00+00:00,2026-05-06T23:50:00+00:00,2026-04-25T22:23:27.971269+00:00
198,JP,JPY,stock_investment_by_foreigners,Stock Investment by Foreigners,Growth,trade,weekly,4.00,-4.99,False,True,,"[""GDP"", ""CPI"", ""UNEMPLOYMENT""]",329,2020-01-08T23:50:00+00:00,2026-05-06T23:50:00+00:00,2026-04-25T22:23:27.971269+00:00
199,AU,AUD,retail_sales_mom,Retail Sales (MoM),Growth,growth,monthly,62.00,61.31,True,False,,"[""GDP"", ""CPI"", ""UNEMPLOYMENT""]",109,2020-01-10T00:30:00+00:00,2025-08-29T01:30:00+00:00,2026-04-25T22:23:27.971269+00:00
200,AU,AUD,building_permits,Building Permits,Growth,housing,monthly,64.00,64.64,False,True,,"[""GDP"", ""CPI"", ""UNEMPLOYMENT""]",105,2020-01-08T00:30:00+00:00,2025-12-09T00:30:00+00:00,2026-04-25T22:23:27.971269+00:00
201,AU,AUD,td_mi_inflation_gauge_mom,TD-MI Inflation Gauge (MoM),Inflation,inflation,monthly,33.00,33.60,False,True,,"[""CPI""]",82,2020-01-13T00:00:00+00:00,2026-05-05T01:00:00+00:00,2026-04-25T22:23:27.971269+00:00
202,AU,AUD,consumer_inflation_expectation,Consumer Inflation Expectation,Inflation,inflation,monthly,13.00,13.51,False,True,,"[""CPI""]",125,2020-01-23T00:00:00+00:00,2026-04-16T01:00:00+00:00,2026-04-25T22:23:27.971269+00:00
203,AU,AUD,ai_group_manufacturing_index,Ai Group Manufacturing Index,Growth,growth,monthly,31.00,32.14,False,True,,"[""GDP"", ""CPI"", ""UNEMPLOYMENT""]",70,2020-01-05T21:30:00+00:00,2026-05-05T23:00:00+00:00,2026-04-25T22:23:27.971269+00:00
204,AU,AUD,ai_group_industry_index,Ai Group Industry Index,Growth,growth,monthly,33.00,32.54,False,True,,"[""GDP"", ""CPI"", ""UNEMPLOYMENT""]",36,2023-02-07T22:20:00+00:00,2026-05-05T23:00:00+00:00,2026-04-25T22:23:27.971269+00:00
205,AU,AUD,ai_group_construction_index,Ai Group Construction Index,Growth,growth,monthly,33.00,33.44,False,True,,"[""GDP"", ""CPI"", ""UNEMPLOYMENT""]",70,2020-01-07T21:30:00+00:00,2026-05-05T23:00:00+00:00,2026-04-25T22:23:27.971269+00:00
206,NZ,NZD,participation_rate,Labor Force Participation Rate,Labor,labor,quarterly,124.00,124.15,True,False,,"[""UNEMPLOYMENT"", ""CPI""]",25,2020-02-04T21:45:00+00:00,2026-05-05T22:45:00+00:00,2026-04-25T22:23:27.971269+00:00
207,NZ,NZD,employment_change_qoq,Employment Change (QoQ),Labor,labor,quarterly,124.00,124.15,True,False,,"[""UNEMPLOYMENT"", ""CPI""]",22,2020-02-04T21:45:00+00:00,2026-05-05T22:45:00+00:00,2026-04-25T22:23:27.971269+00:00
208,NZ,NZD,labour_cost_index_qoq,Labour Cost Index (QoQ),Inflation,labor,quarterly,124.00,124.15,False,True,,"[""CPI""]",25,2020-02-04T21:45:00+00:00,2026-05-05T22:45:00+00:00,2026-04-25T22:23:27.971269+00:00
209,NZ,NZD,labour_cost_index_yoy,Labour Cost Index (YoY),Inflation,labor,quarterly,124.00,124.15,False,True,,"[""CPI""]",25,2020-02-04T21:45:00+00:00,2026-05-05T22:45:00+00:00,2026-04-25T22:23:27.971269+00:00
210,CA,CAD,retail_sales_mom,Retail Sales (MoM),Growth,growth,monthly,81.00,76.38,True,False,,"[""GDP"", ""CPI"", ""UNEMPLOYMENT""]",87,2020-01-24T13:30:00+00:00,2026-04-24T12:35:00+00:00,2026-04-25T22:23:27.971269+00:00
211,CA,CAD,gdp_mom,GDP (MoM),Growth,growth,monthly,88.00,77.28,True,False,GDP,"[""GDP"", ""CPI"", ""UNEMPLOYMENT""]",96,2020-01-31T13:30:00+00:00,2026-04-30T12:30:00+00:00,2026-04-25T22:23:27.971269+00:00
212,CA,CAD,wholesale_sales_mom,Wholesale Sales (MoM),Growth,growth,monthly,73.00,66.06,False,True,,"[""GDP"", ""CPI"", ""UNEMPLOYMENT""]",133,2020-01-22T13:30:00+00:00,2026-04-24T12:30:00+00:00,2026-04-25T22:23:27.971269+00:00
213,CA,CAD,imports,Imports,Growth,trade,monthly,65.00,66.57,False,True,,"[""GDP"", ""CPI"", ""UNEMPLOYMENT""]",77,2020-01-07T13:30:00+00:00,2026-05-05T12:30:00+00:00,2026-04-25T22:23:27.971269+00:00
214,CA,CAD,exports,Exports,Growth,trade,monthly,65.00,66.57,False,True,,"[""GDP"", ""CPI"", ""UNEMPLOYMENT""]",77,2020-01-07T13:30:00+00:00,2026-05-05T12:30:00+00:00,2026-04-25T22:23:27.971269+00:00
215,CH,CHF,retail_sales_yoy,Retail Sales (YoY),Growth,growth,monthly,61.00,61.14,False,True,,"[""GDP"", ""CPI"", ""UNEMPLOYMENT""]",74,2020-01-09T07:30:00+00:00,2026-05-01T06:30:00+00:00,2026-04-25T22:23:27.971269+00:00
216,CH,CHF,economic_sentiment_index,Economic Sentiment Index,Growth,sentiment,monthly,26.00,26.31,False,True,,"[""GDP"", ""CPI"", ""UNEMPLOYMENT""]",74,2020-01-29T09:00:00+00:00,2026-04-29T08:00:00+00:00,2026-04-25T22:23:27.971269+00:00
217,US,USD,core_cpi_index,Core CPI Index,Inflation,inflation,monthly,41.50,41.00,False,True,,"[""CPI""]",4,2026-01-13T07:30:00+00:00,2026-04-10T12:30:00+00:00,2026-04-25T22:23:27.971269+00:00
218,US,USD,cpi_index,CPI Index,Inflation,inflation,monthly,42.00,41.89,False,True,,"[""CPI""]",36,2021-04-13T12:30:00+00:00,2026-04-10T12:30:00+00:00,2026-04-25T22:23:27.971269+00:00
219,US,USD,cpi_sa_index,CPI SA Index,Inflation,inflation,monthly,42.00,42.35,False,True,,"[""CPI""]",24,2023-04-12T12:30:00+00:00,2026-04-10T12:30:00+00:00,2026-04-25T22:23:27.971269+00:00
220,US,USD,core_pce_price_index_mom,Core PCE Price Index (MoM),Inflation,inflation,monthly,58.00,59.78,True,False,,"[""CPI""]",50,2020-03-27T12:30:00+00:00,2026-04-30T12:30:00+00:00,2026-04-25T22:23:27.971269+00:00
221,US,USD,core_pce_price_index_yoy,Core PCE Price Index (YoY),Inflation,inflation,monthly,58.00,60.73,True,False,,"[""CPI""]",54,2020-03-27T12:30:00+00:00,2026-04-30T12:30:00+00:00,2026-04-25T22:23:27.971269+00:00
222,US,USD,pce_price_index_mom,PCE Price Index (MoM),Inflation,inflation,monthly,58.00,60.73,True,False,,"[""CPI""]",49,2020-03-27T12:30:00+00:00,2026-04-30T12:30:00+00:00,2026-04-25T22:23:27.971269+00:00
223,US,USD,pce_price_index_yoy,PCE Price Index (YoY),Inflation,inflation,monthly,58.00,60.75,True,False,,"[""CPI""]",54,2020-03-27T12:30:00+00:00,2026-04-30T12:30:00+00:00,2026-04-25T22:23:27.971269+00:00
224,US,USD,core_pce_prices_qoq,Core PCE Prices (QoQ),Inflation,inflation,quarterly,149.00,151.70,False,True,,"[""CPI""]",53,2020-03-26T12:30:00+00:00,2026-04-30T12:30:00+00:00,2026-04-25T22:23:27.971269+00:00
225,US,USD,pce_prices_qoq,PCE Prices (QoQ),Inflation,inflation,quarterly,149.50,153.02,False,True,,"[""CPI""]",53,2020-03-26T12:30:00+00:00,2026-04-30T12:30:00+00:00,2026-04-25T22:23:27.971269+00:00
226,US,USD,core_ppi_mom,Core PPI (MoM),Inflation,inflation,monthly,43.00,46.80,False,True,,"[""CPI""]",41,2020-03-12T12:30:00+00:00,2026-04-14T12:30:00+00:00,2026-04-25T22:23:27.971269+00:00
227,US,USD,export_prices_mom,Export Prices (MoM),Inflation,inflation,monthly,45.00,48.28,False,True,,"[""CPI""]",42,2020-03-13T12:30:00+00:00,2026-04-15T12:30:00+00:00,2026-04-25T22:23:27.971269+00:00
228,US,USD,export_prices_yoy,Export Prices (YoY),Inflation,inflation,monthly,45.00,49.35,False,True,,"[""CPI""]",48,2020-03-13T12:30:00+00:00,2026-04-15T12:30:00+00:00,2026-04-25T22:23:27.971269+00:00
229,US,USD,michigan_inflation_expectations,Michigan Inflation Expectations,Inflation,inflation,monthly,19.00,18.40,False,True,,"[""CPI""]",104,2020-03-13T14:00:00+00:00,2026-05-08T14:00:00+00:00,2026-04-25T22:23:27.971269+00:00
230,US,USD,import_prices_mom,Import Prices (MoM),Inflation,inflation,monthly,45.00,48.28,False,True,,"[""CPI""]",42,2020-03-13T12:30:00+00:00,2026-04-15T12:30:00+00:00,2026-04-25T22:23:27.971269+00:00
231,US,USD,consumer_inflation_expectations,Consumer Inflation Expectations,Inflation,inflation,monthly,39.00,39.49,False,True,,"[""CPI""]",45,2020-03-09T15:00:00+00:00,2026-05-07T15:00:00+00:00,2026-04-25T22:23:27.971269+00:00
232,US,USD,inflation_expectations,Inflation Expectations,Inflation,inflation,monthly,19.00,17.82,False,True,,"[""CPI""]",44,2024-04-26T13:00:00+00:00,2025-12-19T09:00:00+00:00,2026-04-25T22:23:27.971269+00:00
233,US,USD,ppi_ex_food_energy_trade_mom,"PPI Ex Food, Energy and Trade (MoM)",Inflation,inflation,monthly,44.00,51.38,False,True,,"[""CPI""]",22,2023-10-11T12:30:00+00:00,2026-04-14T12:30:00+00:00,2026-04-25T22:23:27.971269+00:00
234,US,USD,ppi_ex_food_energy_trade_yoy,"PPI Ex Food, Energy and Trade (YoY)",Inflation,inflation,monthly,44.00,51.38,False,True,,"[""CPI""]",24,2023-10-11T12:30:00+00:00,2026-04-14T12:30:00+00:00,2026-04-25T22:23:27.971269+00:00
235,US,USD,ppi_mom,PPI (MoM),Inflation,inflation,monthly,43.00,46.80,False,True,,"[""CPI""]",45,2020-03-12T12:30:00+00:00,2026-04-14T12:30:00+00:00,2026-04-25T22:23:27.971269+00:00
236,US,USD,ppi_index,PPI Index,Inflation,inflation,monthly,44.00,52.57,False,True,,"[""CPI""]",21,2024-05-14T12:30:00+00:00,2026-04-14T12:30:00+00:00,2026-04-25T22:23:27.971269+00:00
237,US,USD,fed_interest_rate_decision,Fed Interest Rate Decision,Other,monetary policy,irregular,,,True,False,,[],44,2020-03-15T21:00:00+00:00,2026-04-29T18:00:00+00:00,2026-04-25T22:23:27.971269+00:00
238,US,USD,government_payrolls,Government Payrolls,Labor,labor,monthly,35.00,37.22,False,True,,"[""UNEMPLOYMENT"", ""CPI""]",48,2020-03-06T13:30:00+00:00,2026-05-08T12:30:00+00:00,2026-04-25T22:23:27.971269+00:00
239,US,USD,manufacturing_payrolls,Manufacturing Payrolls,Labor,labor,monthly,35.00,37.22,False,True,,"[""UNEMPLOYMENT"", ""CPI""]",48,2020-03-06T13:30:00+00:00,2026-05-08T12:30:00+00:00,2026-04-25T22:23:27.971269+00:00
240,US,USD,private_nonfarm_payrolls,Private Nonfarm Payrolls,Labor,labor,monthly,35.00,37.22,False,True,,"[""UNEMPLOYMENT"", ""CPI""]",44,2020-03-06T13:30:00+00:00,2026-05-08T12:30:00+00:00,2026-04-25T22:23:27.971269+00:00
241,US,USD,avg_hourly_earnings_level,Average Hourly Earnings,Inflation,labor,monthly,,,False,True,,"[""CPI""]",3,2024-05-03T12:30:00+00:00,2025-03-07T13:30:00+00:00,2026-04-25T22:23:27.971269+00:00
242,US,USD,average_weekly_hours,Average Weekly Hours,Labor,labor,monthly,35.00,37.15,False,True,,"[""UNEMPLOYMENT"", ""CPI""]",46,2020-03-06T13:30:00+00:00,2026-05-08T12:30:00+00:00,2026-04-25T22:23:27.971269+00:00
243,US,USD,challenger_job_cuts,Challenger Job Cuts,Labor,labor,monthly,33.00,33.26,False,True,,"[""UNEMPLOYMENT"", ""CPI""]",44,2020-03-05T12:30:00+00:00,2026-05-07T11:30:00+00:00,2026-04-25T22:23:27.971269+00:00
244,US,USD,employment_cost_index_qoq,Employment Cost Index (QoQ),Inflation,labor,quarterly,120.00,122.83,False,True,,"[""CPI""]",14,2020-04-30T12:30:00+00:00,2026-04-30T12:30:00+00:00,2026-04-25T22:23:27.971269+00:00
245,US,USD,employment_cost_wages_qoq,Employment Cost - Wages (QoQ),Inflation,labor,quarterly,120.00,123.06,False,True,,"[""CPI""]",14,2020-04-30T12:30:00+00:00,2026-04-30T12:30:00+00:00,2026-04-25T22:23:27.971269+00:00
246,US,USD,employment_cost_benefits_qoq,Employment Cost - Benefits (QoQ),Inflation,labor,quarterly,120.00,123.06,False,True,,"[""CPI""]",14,2020-04-30T12:30:00+00:00,2026-04-30T12:30:00+00:00,2026-04-25T22:23:27.971269+00:00
247,JP,JPY,cpi_ex_food_energy_yoy,CPI Ex Food and Energy (YoY),Inflation,inflation,monthly,49.00,49.53,True,False,,"[""CPI""]",75,2020-01-23T23:30:00+00:00,2026-04-23T23:30:00+00:00,2026-04-25T22:23:27.971269+00:00
248,JP,JPY,ppi_mom,PPI (MoM),Inflation,inflation,monthly,40.00,40.51,False,True,,"[""CPI""]",69,2020-01-15T23:50:00+00:00,2026-04-09T23:50:00+00:00,2026-04-25T22:23:27.971269+00:00
249,JP,JPY,ppi_yoy,PPI (YoY),Inflation,inflation,monthly,40.00,40.51,False,True,,"[""CPI""]",76,2020-01-15T23:50:00+00:00,2026-04-09T23:50:00+00:00,2026-04-25T22:23:27.971269+00:00
250,JP,JPY,boj_interest_rate_decision,BoJ Interest Rate Decision,Other,monetary policy,irregular,,,True,False,,[],58,2020-01-21T03:00:00+00:00,2026-04-28T03:00:00+00:00,2026-04-25T22:23:27.971269+00:00
251,JP,JPY,current_account,Current Account,Growth,growth,monthly,68.00,68.12,False,True,,"[""GDP"", ""CPI"", ""UNEMPLOYMENT""]",76,2020-01-13T23:50:00+00:00,2026-04-07T23:50:00+00:00,2026-04-25T22:23:27.971269+00:00
252,JP,JPY,manufacturing_pmi_flash,S&P Global Manufacturing PMI Flash,Growth,growth,monthly,20.00,20.20,False,True,,"[""GDP"", ""CPI"", ""UNEMPLOYMENT""]",5,2025-08-21T00:30:00+00:00,2025-12-16T00:30:00+00:00,2026-04-25T22:23:27.971269+00:00
253,JP,JPY,services_pmi_flash,S&P Global Services PMI Flash,Growth,growth,monthly,20.00,20.20,False,True,,"[""GDP"", ""CPI"", ""UNEMPLOYMENT""]",5,2025-08-21T00:30:00+00:00,2025-12-16T00:30:00+00:00,2026-04-25T22:23:27.971269+00:00
254,JP,JPY,composite_pmi_flash,S&P Global Composite PMI Flash,Growth,growth,monthly,20.00,20.20,False,True,,"[""GDP"", ""CPI"", ""UNEMPLOYMENT""]",5,2025-08-21T00:30:00+00:00,2025-12-16T00:30:00+00:00,2026-04-25T22:23:27.971269+00:00
255,JP,JPY,industrial_production_index,Industrial Production,Growth,growth,monthly,,,False,True,,"[""GDP"", ""CPI"", ""UNEMPLOYMENT""]",0,,,2026-04-25T22:23:27.971269+00:00
256,JP,JPY,leading_index_mom,Leading Index (MoM),Growth,growth,monthly,70.00,76.14,False,True,,"[""GDP"", ""CPI"", ""UNEMPLOYMENT""]",35,2024-02-07T05:00:00+00:00,2026-04-30T05:00:00+00:00,2026-04-25T22:23:27.971269+00:00
257,JP,JPY,coincident_indicator_mom,Coincident Indicator (MoM),Growth,growth,monthly,83.00,76.87,False,True,,"[""GDP"", ""CPI"", ""UNEMPLOYMENT""]",35,2024-02-07T05:00:00+00:00,2026-04-30T05:00:00+00:00,2026-04-25T22:23:27.971269+00:00
258,JP,JPY,capacity_utilization,Capacity Utilization,Growth,growth,monthly,75.00,75.50,False,True,,"[""GDP"", ""CPI"", ""UNEMPLOYMENT""]",75,2020-01-20T04:30:00+00:00,2026-04-14T04:30:00+00:00,2026-04-25T22:23:27.971269+00:00
259,JP,JPY,machinery_orders_mom,Machinery Orders (MoM),Growth,growth,monthly,75.00,74.74,False,True,,"[""GDP"", ""CPI"", ""UNEMPLOYMENT""]",75,2020-01-15T23:50:00+00:00,2026-04-14T23:50:00+00:00,2026-04-25T22:23:27.971269+00:00
260,JP,JPY,machinery_orders_yoy,Machinery Orders (YoY),Growth,growth,monthly,75.00,74.74,False,True,,"[""GDP"", ""CPI"", ""UNEMPLOYMENT""]",76,2020-01-15T23:50:00+00:00,2026-04-14T23:50:00+00:00,2026-04-25T22:23:27.971269+00:00
261,JP,JPY,household_spending_mom,Household Spending (MoM),Growth,growth,monthly,66.00,66.08,False,True,,"[""GDP"", ""CPI"", ""UNEMPLOYMENT""]",76,2020-01-09T23:30:00+00:00,2026-05-08T23:30:00+00:00,2026-04-25T22:23:27.971269+00:00
262,JP,JPY,household_spending_yoy,Household Spending (YoY),Growth,growth,monthly,66.00,66.08,False,True,,"[""GDP"", ""CPI"", ""UNEMPLOYMENT""]",76,2020-01-09T23:30:00+00:00,2026-05-08T23:30:00+00:00,2026-04-25T22:23:27.971269+00:00
263,JP,JPY,retail_sales_mom,Retail Sales (MoM),Growth,growth,monthly,58.00,57.88,False,True,,"[""GDP"", ""CPI"", ""UNEMPLOYMENT""]",75,2020-01-30T23:50:00+00:00,2026-04-29T23:50:00+00:00,2026-04-25T22:23:27.971269+00:00
264,JP,JPY,retail_sales_yoy,Retail Sales (YoY),Growth,growth,monthly,58.00,57.90,False,True,,"[""GDP"", ""CPI"", ""UNEMPLOYMENT""]",75,2020-01-30T23:50:00+00:00,2026-04-29T23:50:00+00:00,2026-04-25T22:23:27.971269+00:00
265,JP,JPY,consumer_confidence,Consumer Confidence,Growth,sentiment,monthly,30.00,30.95,False,True,,"[""GDP"", ""CPI"", ""UNEMPLOYMENT""]",76,2020-01-08T05:00:00+00:00,2026-05-01T05:00:00+00:00,2026-04-25T22:23:27.971269+00:00
266,JP,JPY,eco_watchers_current,Eco Watchers Survey Current,Growth,sentiment,monthly,38.00,39.83,False,True,,"[""GDP"", ""CPI"", ""UNEMPLOYMENT""]",78,2020-01-14T05:00:00+00:00,2026-04-08T05:00:00+00:00,2026-04-25T22:23:27.971269+00:00
267,JP,JPY,eco_watchers_outlook,Eco Watchers Survey Outlook,Growth,sentiment,monthly,38.00,38.32,False,True,,"[""GDP"", ""CPI"", ""UNEMPLOYMENT""]",77,2020-01-14T05:00:00+00:00,2026-04-08T05:00:00+00:00,2026-04-25T22:23:27.971269+00:00
268,JP,JPY,reuters_tankan_index,Reuters Tankan Index,Growth,sentiment,monthly,14.00,13.13,False,True,,"[""GDP"", ""CPI"", ""UNEMPLOYMENT""]",76,2020-01-15T23:00:00+00:00,2026-04-15T00:00:00+00:00,2026-04-25T22:23:27.971269+00:00
269,JP,JPY,tankan_large_manufacturers_index,Tankan Large Manufacturers Index,Growth,sentiment,quarterly,90.00,86.16,False,True,,"[""GDP"", ""CPI"", ""UNEMPLOYMENT""]",25,2020-03-31T23:50:00+00:00,2026-03-31T23:50:00+00:00,2026-04-25T22:23:27.971269+00:00
270,JP,JPY,tankan_large_all_industry_capex,Tankan Large All Industry Capex,Growth,sentiment,quarterly,90.00,86.16,False,True,,"[""GDP"", ""CPI"", ""UNEMPLOYMENT""]",25,2020-03-31T23:50:00+00:00,2026-03-31T23:50:00+00:00,2026-04-25T22:23:27.971269+00:00
271,JP,JPY,tankan_large_manufacturing_outlook,Tankan Large Manufacturing Outlook,Growth,sentiment,quarterly,90.00,86.16,False,True,,"[""GDP"", ""CPI"", ""UNEMPLOYMENT""]",25,2020-03-31T23:50:00+00:00,2026-03-31T23:50:00+00:00,2026-04-25T22:23:27.971269+00:00
272,JP,JPY,tankan_large_non_manufacturing_index,Tankan Large Non-Manufacturing Index,Growth,sentiment,quarterly,90.00,86.16,False,True,,"[""GDP"", ""CPI"", ""UNEMPLOYMENT""]",25,2020-03-31T23:50:00+00:00,2026-03-31T23:50:00+00:00,2026-04-25T22:23:27.971269+00:00
273,JP,JPY,tankan_non_manufacturing_outlook,Tankan Non-Manufacturing Outlook,Growth,sentiment,quarterly,90.00,86.16,False,True,,"[""GDP"", ""CPI"", ""UNEMPLOYMENT""]",25,2020-03-31T23:50:00+00:00,2026-03-31T23:50:00+00:00,2026-04-25T22:23:27.971269+00:00
274,JP,JPY,tankan_small_manufacturers_index,Tankan Small Manufacturers Index,Growth,sentiment,quarterly,90.00,86.16,False,True,,"[""GDP"", ""CPI"", ""UNEMPLOYMENT""]",24,2020-03-31T23:50:00+00:00,2026-03-31T23:50:00+00:00,2026-04-25T22:23:27.971269+00:00
275,JP,JPY,tankan_small_non_manufacturing_index,Tankan Small Non-Manufacturing Index,Growth,sentiment,quarterly,89.00,85.00,False,True,,"[""GDP"", ""CPI"", ""UNEMPLOYMENT""]",7,2024-06-30T22:50:00+00:00,2026-03-31T23:50:00+00:00,2026-04-25T22:23:27.971269+00:00
276,JP,JPY,tankan_all_small_industry_capex,Tankan All Small Industry Capex,Growth,sentiment,quarterly,89.00,85.00,False,True,,"[""GDP"", ""CPI"", ""UNEMPLOYMENT""]",7,2024-06-30T22:50:00+00:00,2026-03-31T23:50:00+00:00,2026-04-25T22:23:27.971269+00:00
277,DE,EUR,cpi_headline_yoy,Headline CPI (YoY),Inflation,inflation,monthly,39.00,37.40,True,False,CPI,"[""CPI""]",10,2026-01-16T01:00:00+00:00,2026-04-29T12:00:00+00:00,2026-04-25T22:23:27.971269+00:00
278,DE,EUR,cpi_headline_mom,Headline CPI (MoM),Inflation,inflation,monthly,39.00,37.40,False,True,CPI,"[""CPI""]",8,2026-01-16T01:00:00+00:00,2026-04-29T12:00:00+00:00,2026-04-25T22:23:27.971269+00:00
279,DE,EUR,hicp_yoy,Harmonised CPI (YoY),Inflation,inflation,monthly,39.00,37.40,True,False,,"[""CPI""]",10,2026-01-16T01:00:00+00:00,2026-04-29T12:00:00+00:00,2026-04-25T22:23:27.971269+00:00
280,DE,EUR,hicp_mom,Harmonised CPI (MoM),Inflation,inflation,monthly,39.00,37.40,False,True,,"[""CPI""]",10,2026-01-16T01:00:00+00:00,2026-04-29T12:00:00+00:00,2026-04-25T22:23:27.971269+00:00
281,DE,EUR,cpi_index,Consumer Price Index,Inflation,inflation,monthly,,,False,True,,"[""CPI""]",0,,,2026-04-25T22:23:27.971269+00:00
282,DE,EUR,ppi_yoy,Producer Prices (YoY),Inflation,inflation,monthly,50.00,49.25,False,True,,"[""CPI""]",4,2026-01-20T07:00:00+00:00,2026-04-20T06:00:00+00:00,2026-04-25T22:23:27.971269+00:00
283,DE,EUR,ppi_mom,Producer Prices (MoM),Inflation,inflation,monthly,50.00,49.25,False,True,,"[""CPI""]",4,2026-01-20T07:00:00+00:00,2026-04-20T06:00:00+00:00,2026-04-25T22:23:27.971269+00:00
284,DE,EUR,gdp_qoq,GDP (QoQ),Growth,growth,quarterly,119.00,130.20,True,False,GDP,"[""GDP"", ""CPI"", ""UNEMPLOYMENT""]",2,2026-02-25T07:00:00+00:00,2026-04-30T08:00:00+00:00,2026-04-25T22:23:27.971269+00:00
285,DE,EUR,gdp_yoy,GDP (YoY),Growth,growth,quarterly,119.00,130.20,True,False,GDP,"[""GDP"", ""CPI"", ""UNEMPLOYMENT""]",2,2026-02-25T07:00:00+00:00,2026-04-30T08:00:00+00:00,2026-04-25T22:23:27.971269+00:00
286,DE,EUR,industrial_production_mom,Industrial Production (MoM),Growth,growth,monthly,67.00,67.60,False,True,,"[""GDP"", ""CPI"", ""UNEMPLOYMENT""]",4,2026-01-09T07:00:00+00:00,2026-05-08T06:00:00+00:00,2026-04-25T22:23:27.971269+00:00
287,DE,EUR,industrial_production_yoy,Industrial Production (YoY),Growth,growth,monthly,67.00,67.60,False,True,,"[""GDP"", ""CPI"", ""UNEMPLOYMENT""]",3,2026-01-09T01:00:00+00:00,2026-05-08T06:00:00+00:00,2026-04-25T22:23:27.971269+00:00
288,DE,EUR,factory_orders_mom,Factory Orders (MoM),Growth,growth,monthly,67.00,66.80,False,True,,"[""GDP"", ""CPI"", ""UNEMPLOYMENT""]",4,2026-01-08T07:00:00+00:00,2026-05-07T06:00:00+00:00,2026-04-25T22:23:27.971269+00:00
289,DE,EUR,retail_sales_mom,Retail Sales (MoM),Growth,growth,monthly,60.00,61.33,False,True,,"[""GDP"", ""CPI"", ""UNEMPLOYMENT""]",4,2026-01-07T07:00:00+00:00,2026-04-30T06:00:00+00:00,2026-04-25T22:23:27.971269+00:00
290,DE,EUR,retail_sales_yoy,Retail Sales (YoY),Growth,growth,monthly,60.00,61.33,False,True,,"[""GDP"", ""CPI"", ""UNEMPLOYMENT""]",4,2026-01-07T07:00:00+00:00,2026-04-30T06:00:00+00:00,2026-04-25T22:23:27.971269+00:00
291,DE,EUR,unemployment_rate,Unemployment Rate,Labor,labor,monthly,29.00,30.20,True,False,UNEMPLOYMENT,"[""UNEMPLOYMENT"", ""CPI""]",4,2026-01-07T08:55:00+00:00,2026-04-30T07:55:00+00:00,2026-04-25T22:23:27.971269+00:00
292,DE,EUR,unemployment_change,Unemployment Change,Labor,labor,monthly,,,False,True,,"[""UNEMPLOYMENT"", ""CPI""]",0,,,2026-04-25T22:23:27.971269+00:00
293,DE,EUR,balance_of_trade,Balance of Trade,Growth,trade,monthly,68.00,67.80,False,True,,"[""GDP"", ""CPI"", ""UNEMPLOYMENT""]",4,2026-01-09T07:00:00+00:00,2026-05-08T06:00:00+00:00,2026-04-25T22:23:27.971269+00:00
294,DE,EUR,exports_mom,Exports (MoM),Growth,trade,monthly,68.00,67.80,False,True,,"[""GDP"", ""CPI"", ""UNEMPLOYMENT""]",4,2026-01-09T07:00:00+00:00,2026-05-08T06:00:00+00:00,2026-04-25T22:23:27.971269+00:00
295,DE,EUR,imports_mom,Imports (MoM),Growth,trade,monthly,68.00,67.80,False,True,,"[""GDP"", ""CPI"", ""UNEMPLOYMENT""]",4,2026-01-09T07:00:00+00:00,2026-05-08T06:00:00+00:00,2026-04-25T22:23:27.971269+00:00
296,DE,EUR,manufacturing_pmi,Manufacturing PMI,Growth,growth,monthly,26.50,26.33,True,False,,"[""GDP"", ""CPI"", ""UNEMPLOYMENT""]",5,2026-01-02T08:55:00+00:00,2026-04-23T07:30:00+00:00,2026-04-25T22:23:27.971269+00:00
297,DE,EUR,services_pmi,Services PMI,Growth,growth,monthly,28.00,28.33,False,True,,"[""GDP"", ""CPI"", ""UNEMPLOYMENT""]",5,2026-01-06T08:55:00+00:00,2026-04-23T07:30:00+00:00,2026-04-25T22:23:27.971269+00:00
298,DE,EUR,composite_pmi,Composite PMI,Growth,growth,monthly,28.00,28.33,False,True,,"[""GDP"", ""CPI"", ""UNEMPLOYMENT""]",5,2026-01-06T08:55:00+00:00,2026-04-23T07:30:00+00:00,2026-04-25T22:23:27.971269+00:00
299,DE,EUR,zew_economic_sentiment,ZEW Economic Sentiment Index,Growth,sentiment,monthly,19.50,18.60,True,False,,"[""GDP"", ""CPI"", ""UNEMPLOYMENT""]",18,2026-01-20T04:00:00+00:00,2026-04-21T09:00:00+00:00,2026-04-25T22:23:27.971269+00:00
300,DE,EUR,ifo_business_climate,Ifo Business Climate,Growth,sentiment,monthly,23.00,23.40,True,False,,"[""GDP"", ""CPI"", ""UNEMPLOYMENT""]",4,2026-01-26T09:00:00+00:00,2026-04-24T08:00:00+00:00,2026-04-25T22:23:27.971269+00:00
301,DE,EUR,ifo_expectations,Ifo Expectations,Growth,sentiment,monthly,23.00,23.40,False,True,,"[""GDP"", ""CPI"", ""UNEMPLOYMENT""]",4,2026-01-26T09:00:00+00:00,2026-04-24T08:00:00+00:00,2026-04-25T22:23:27.971269+00:00
302,DE,EUR,ifo_current_conditions,Ifo Current Conditions,Growth,sentiment,monthly,23.00,23.40,False,True,,"[""GDP"", ""CPI"", ""UNEMPLOYMENT""]",4,2026-01-26T09:00:00+00:00,2026-04-24T08:00:00+00:00,2026-04-25T22:23:27.971269+00:00
303,DE,EUR,consumer_confidence,Consumer Confidence,Growth,sentiment,monthly,-4.00,-4.40,False,True,,"[""GDP"", ""CPI"", ""UNEMPLOYMENT""]",3,2026-01-28T07:00:00+00:00,2026-04-27T06:00:00+00:00,2026-04-25T22:23:27.971269+00:00
304,FR,EUR,cpi_headline_yoy,Headline CPI (YoY),Inflation,inflation,monthly,42.50,38.75,True,False,CPI,"[""CPI""]",9,2026-01-15T01:45:00+00:00,2026-04-30T06:45:00+00:00,2026-04-25T22:23:27.971269+00:00
305,FR,EUR,cpi_headline_mom,Headline CPI (MoM),Inflation,inflation,monthly,40.00,37.67,False,True,CPI,"[""CPI""]",9,2026-01-15T01:45:00+00:00,2026-04-30T06:45:00+00:00,2026-04-25T22:23:27.971269+00:00
306,FR,EUR,hicp_yoy,Harmonised CPI (YoY),Inflation,inflation,monthly,42.50,38.75,True,False,,"[""CPI""]",9,2026-01-15T01:45:00+00:00,2026-04-30T06:45:00+00:00,2026-04-25T22:23:27.971269+00:00
307,FR,EUR,hicp_mom,Harmonised CPI (MoM),Inflation,inflation,monthly,42.50,38.75,False,True,,"[""CPI""]",9,2026-01-15T01:45:00+00:00,2026-04-30T06:45:00+00:00,2026-04-25T22:23:27.971269+00:00
308,FR,EUR,cpi_index,Consumer Price Index,Inflation,inflation,monthly,,,False,True,,"[""CPI""]",0,,,2026-04-25T22:23:27.971269+00:00
309,FR,EUR,ppi_yoy,Producer Prices (YoY),Inflation,inflation,monthly,59.00,58.75,False,True,,"[""CPI""]",3,2026-01-30T07:45:00+00:00,2026-04-30T06:45:00+00:00,2026-04-25T22:23:27.971269+00:00
310,FR,EUR,ppi_mom,Producer Prices (MoM),Inflation,inflation,monthly,59.00,58.75,False,True,,"[""CPI""]",3,2026-01-30T07:45:00+00:00,2026-04-30T06:45:00+00:00,2026-04-25T22:23:27.971269+00:00
311,FR,EUR,gdp_qoq,GDP (QoQ),Growth,growth,quarterly,134.00,134.00,True,False,GDP,"[""GDP"", ""CPI"", ""UNEMPLOYMENT""]",4,2026-02-27T07:45:00+00:00,2026-04-30T05:30:00+00:00,2026-04-25T22:23:27.971269+00:00
312,FR,EUR,gdp_yoy,GDP (YoY),Growth,growth,quarterly,119.00,131.00,True,False,GDP,"[""GDP"", ""CPI"", ""UNEMPLOYMENT""]",4,2026-02-27T07:45:00+00:00,2026-04-30T05:30:00+00:00,2026-04-25T22:23:27.971269+00:00
313,FR,EUR,industrial_production_mom,Industrial Production (MoM),Growth,growth,monthly,66.00,65.00,False,True,,"[""GDP"", ""CPI"", ""UNEMPLOYMENT""]",4,2026-01-09T07:45:00+00:00,2026-05-06T06:45:00+00:00,2026-04-25T22:23:27.971269+00:00
314,FR,EUR,industrial_production_yoy,Industrial Production (YoY),Growth,growth,monthly,,,False,True,,"[""GDP"", ""CPI"", ""UNEMPLOYMENT""]",0,,,2026-04-25T22:23:27.971269+00:00
315,FR,EUR,retail_sales_mom,Retail Sales (MoM),Growth,growth,monthly,,,False,True,,"[""GDP"", ""CPI"", ""UNEMPLOYMENT""]",0,,,2026-04-25T22:23:27.971269+00:00
316,FR,EUR,retail_sales_yoy,Retail Sales (YoY),Growth,growth,monthly,,,False,True,,"[""GDP"", ""CPI"", ""UNEMPLOYMENT""]",0,,,2026-04-25T22:23:27.971269+00:00
317,FR,EUR,consumer_spending_mom,Consumer Spending (MoM),Growth,growth,monthly,60.00,60.73,False,True,,"[""GDP"", ""CPI"", ""UNEMPLOYMENT""]",18,2026-01-09T01:45:00+00:00,2026-04-30T05:30:00+00:00,2026-04-25T22:23:27.971269+00:00
318,FR,EUR,unemployment_rate,Unemployment Rate,Labor,labor,quarterly,132.00,132.00,True,False,UNEMPLOYMENT,"[""UNEMPLOYMENT"", ""CPI""]",1,2026-02-10T06:30:00+00:00,2026-02-10T06:30:00+00:00,2026-04-25T22:23:27.971269+00:00
319,FR,EUR,balance_of_trade,Balance of Trade,Growth,trade,monthly,67.00,67.20,False,True,,"[""GDP"", ""CPI"", ""UNEMPLOYMENT""]",4,2026-01-08T07:45:00+00:00,2026-05-07T06:45:00+00:00,2026-04-25T22:23:27.971269+00:00
320,FR,EUR,exports,Exports,Growth,trade,monthly,67.00,67.20,False,True,,"[""GDP"", ""CPI"", ""UNEMPLOYMENT""]",4,2026-01-08T07:45:00+00:00,2026-05-07T06:45:00+00:00,2026-04-25T22:23:27.971269+00:00
321,FR,EUR,imports,Imports,Growth,trade,monthly,67.00,67.20,False,True,,"[""GDP"", ""CPI"", ""UNEMPLOYMENT""]",4,2026-01-08T07:45:00+00:00,2026-05-07T06:45:00+00:00,2026-04-25T22:23:27.971269+00:00
322,FR,EUR,manufacturing_pmi,Manufacturing PMI,Growth,growth,monthly,26.50,26.33,True,False,,"[""GDP"", ""CPI"", ""UNEMPLOYMENT""]",5,2026-01-02T08:50:00+00:00,2026-04-23T07:15:00+00:00,2026-04-25T22:23:27.971269+00:00
323,FR,EUR,services_pmi,Services PMI,Growth,growth,monthly,28.00,28.33,False,True,,"[""GDP"", ""CPI"", ""UNEMPLOYMENT""]",5,2026-01-06T08:50:00+00:00,2026-04-23T07:15:00+00:00,2026-04-25T22:23:27.971269+00:00
324,FR,EUR,composite_pmi,Composite PMI,Growth,growth,monthly,28.00,28.33,False,True,,"[""GDP"", ""CPI"", ""UNEMPLOYMENT""]",5,2026-01-06T08:50:00+00:00,2026-04-23T07:15:00+00:00,2026-04-25T22:23:27.971269+00:00
325,FR,EUR,business_confidence,Business Confidence,Growth,sentiment,monthly,22.00,22.80,False,True,,"[""GDP"", ""CPI"", ""UNEMPLOYMENT""]",29,2026-01-23T07:45:00+00:00,2026-04-23T06:45:00+00:00,2026-04-25T22:23:27.971269+00:00
326,FR,EUR,consumer_confidence,Consumer Confidence,Growth,sentiment,monthly,24.50,26.33,False,True,,"[""GDP"", ""CPI"", ""UNEMPLOYMENT""]",5,2026-01-07T07:45:00+00:00,2026-04-24T06:45:00+00:00,2026-04-25T22:23:27.971269+00:00
327,DE,EUR,import_prices_yoy,Import Prices (YoY),Inflation,inflation,monthly,59.00,58.75,False,True,,"[""CPI""]",3,2026-01-30T07:00:00+00:00,2026-04-30T06:00:00+00:00,2026-04-25T22:23:27.971269+00:00
328,DE,EUR,import_prices_mom,Import Prices (MoM),Inflation,inflation,monthly,59.00,58.75,False,True,,"[""CPI""]",3,2026-01-30T07:00:00+00:00,2026-04-30T06:00:00+00:00,2026-04-25T22:23:27.971269+00:00
329,DE,EUR,wholesale_prices_yoy,Wholesale Prices (YoY),Inflation,inflation,monthly,43.50,43.00,False,True,,"[""CPI""]",4,2026-01-15T07:00:00+00:00,2026-04-14T06:00:00+00:00,2026-04-25T22:23:27.971269+00:00
330,DE,EUR,wholesale_prices_mom,Wholesale Prices (MoM),Inflation,inflation,monthly,43.50,43.00,False,True,,"[""CPI""]",4,2026-01-15T07:00:00+00:00,2026-04-14T06:00:00+00:00,2026-04-25T22:23:27.971269+00:00
331,DE,EUR,unemployed_persons,Unemployed Persons,Labor,labor,monthly,29.00,30.20,False,True,,"[""UNEMPLOYMENT"", ""CPI""]",4,2026-01-07T08:55:00+00:00,2026-04-30T07:55:00+00:00,2026-04-25T22:23:27.971269+00:00
332,DE,EUR,employment_change,Employment Change,Labor,labor,monthly,29.00,30.00,False,True,,"[""UNEMPLOYMENT"", ""CPI""]",2,2026-01-07T08:55:00+00:00,2026-04-30T07:55:00+00:00,2026-04-25T22:23:27.971269+00:00
333,DE,EUR,current_account,Current Account,Growth,trade,monthly,71.50,71.00,False,True,,"[""GDP"", ""CPI"", ""UNEMPLOYMENT""]",4,2026-01-12T13:45:00+00:00,2026-04-10T12:30:00+00:00,2026-04-25T22:23:27.971269+00:00
334,DE,EUR,zew_current_conditions,ZEW Current Conditions,Growth,sentiment,monthly,19.00,18.20,False,True,,"[""GDP"", ""CPI"", ""UNEMPLOYMENT""]",4,2026-01-20T10:00:00+00:00,2026-04-21T09:00:00+00:00,2026-04-25T22:23:27.971269+00:00
335,DE,EUR,new_car_sales_yoy,New Car Sales (YoY),Growth,growth,monthly,35.50,38.33,False,True,,"[""GDP"", ""CPI"", ""UNEMPLOYMENT""]",4,2026-01-06T11:00:00+00:00,2026-05-06T10:00:00+00:00,2026-04-25T22:23:27.971269+00:00
336,DE,EUR,new_car_sales_mom,New Car Sales (MoM),Growth,growth,monthly,53.00,53.40,False,True,,"[""GDP"", ""CPI"", ""UNEMPLOYMENT""]",4,2026-01-26T23:00:00+00:00,2026-04-23T04:00:00+00:00,2026-04-25T22:23:27.971269+00:00
337,FR,EUR,cpi_nsa_yoy,CPI n.s.a. (YoY),Inflation,inflation,monthly,45.00,38.40,False,True,,"[""CPI""]",4,2026-01-15T01:45:00+00:00,2026-04-15T06:45:00+00:00,2026-04-25T22:23:27.971269+00:00
338,FR,EUR,cpi_nsa_mom,CPI n.s.a. (MoM),Inflation,inflation,monthly,45.00,38.40,False,True,,"[""CPI""]",4,2026-01-15T01:45:00+00:00,2026-04-15T06:45:00+00:00,2026-04-25T22:23:27.971269+00:00
339,FR,EUR,nonfarm_payrolls_qoq,Non-Farm Payrolls (QoQ),Labor,labor,quarterly,134.00,134.00,False,True,,"[""UNEMPLOYMENT"", ""CPI""]",1,2026-02-27T07:45:00+00:00,2026-04-30T06:45:00+00:00,2026-04-25T22:23:27.971269+00:00
340,FR,EUR,unemployment_benefit_claims,Unemployment Benefit Claims,Labor,labor,monthly,58.00,57.20,False,True,,"[""UNEMPLOYMENT"", ""CPI""]",4,2025-12-29T11:00:00+00:00,2026-04-28T10:00:00+00:00,2026-04-25T22:23:27.971269+00:00
341,FR,EUR,jobseekers_total,Jobseekers Total,Labor,labor,monthly,58.00,57.20,False,True,,"[""UNEMPLOYMENT"", ""CPI""]",4,2025-12-29T11:00:00+00:00,2026-04-28T10:00:00+00:00,2026-04-25T22:23:27.971269+00:00
342,FR,EUR,current_account,Current Account,Growth,trade,monthly,67.00,67.20,False,True,,"[""GDP"", ""CPI"", ""UNEMPLOYMENT""]",4,2026-01-08T07:45:00+00:00,2026-05-07T06:45:00+00:00,2026-04-25T22:23:27.971269+00:00
343,FR,EUR,new_car_sales_yoy,New Car Sales (YoY),Growth,growth,monthly,34.00,37.75,False,True,,"[""GDP"", ""CPI"", ""UNEMPLOYMENT""]",4,2026-01-05T15:10:00+00:00,2026-04-02T14:00:00+00:00,2026-04-25T22:23:27.971269+00:00
344,FR,EUR,new_car_sales_mom,New Car Sales (MoM),Growth,growth,monthly,53.00,53.40,False,True,,"[""GDP"", ""CPI"", ""UNEMPLOYMENT""]",4,2026-01-26T23:00:00+00:00,2026-04-23T04:00:00+00:00,2026-04-25T22:23:27.971269+00:00
345,AU,AUD,rba_weighted_median_cpi_qoq,RBA Weighted Median CPI (QoQ),Inflation,inflation,quarterly,118.00,118.11,True,False,,"[""CPI""]",30,2020-01-29T00:30:00+00:00,2025-10-29T00:30:00+00:00,2026-04-25T22:23:27.971269+00:00
346,AU,AUD,rba_weighted_median_cpi_yoy,RBA Weighted Median CPI (YoY),Inflation,inflation,quarterly,118.00,118.11,True,False,,"[""CPI""]",30,2020-01-29T00:30:00+00:00,2025-10-29T00:30:00+00:00,2026-04-25T22:23:27.971269+00:00
347,AU,AUD,monthly_cpi_indicator,Monthly CPI Indicator,Inflation,inflation,monthly,58.00,58.34,True,False,,"[""CPI""]",38,2022-10-26T00:30:00+00:00,2026-01-07T00:30:00+00:00,2026-04-25T22:23:27.971269+00:00
348,AU,AUD,household_spending_mom,Household Spending (MoM),Growth,growth,monthly,65.00,65.27,False,True,,"[""GDP"", ""CPI"", ""UNEMPLOYMENT""]",10,2025-07-04T01:30:00+00:00,2026-05-05T01:30:00+00:00,2026-04-25T22:23:27.971269+00:00
349,AU,AUD,household_spending_yoy,Household Spending (YoY),Growth,growth,monthly,65.00,65.27,False,True,,"[""GDP"", ""CPI"", ""UNEMPLOYMENT""]",10,2025-07-04T01:30:00+00:00,2026-05-05T01:30:00+00:00,2026-04-25T22:23:27.971269+00:00
350,AU,AUD,nab_business_confidence,NAB Business Confidence,Growth,sentiment,monthly,41.00,41.63,False,True,,"[""GDP"", ""CPI"", ""UNEMPLOYMENT""]",72,2020-01-28T00:30:00+00:00,2026-04-14T01:30:00+00:00,2026-04-25T22:23:27.971269+00:00
351,AU,AUD,westpac_consumer_confidence_change,Westpac Consumer Confidence Change,Growth,sentiment,monthly,11.00,11.71,False,True,,"[""GDP"", ""CPI"", ""UNEMPLOYMENT""]",75,2020-01-21T23:30:00+00:00,2026-04-14T00:30:00+00:00,2026-04-25T22:23:27.971269+00:00
352,AU,AUD,westpac_consumer_confidence_index,Westpac Consumer Confidence Index,Growth,sentiment,monthly,11.00,11.71,False,True,,"[""GDP"", ""CPI"", ""UNEMPLOYMENT""]",76,2020-01-21T23:30:00+00:00,2026-04-14T00:30:00+00:00,2026-04-25T22:23:27.971269+00:00
353,AU,AUD,thomson_reuters_ipsos_pcsi,Thomson Reuters IPSOS PCSI,Growth,sentiment,monthly,12.00,14.30,False,True,,"[""GDP"", ""CPI"", ""UNEMPLOYMENT""]",21,2024-03-15T01:00:00+00:00,2026-04-10T02:00:00+00:00,2026-04-25T22:23:27.971269+00:00
354,AU,AUD,housing_credit_mom,Housing Credit (MoM),Growth,growth,monthly,60.00,58.48,False,True,,"[""GDP"", ""CPI"", ""UNEMPLOYMENT""]",41,2022-11-30T00:30:00+00:00,2026-04-30T01:30:00+00:00,2026-04-25T22:23:27.971269+00:00
355,AU,AUD,manufacturing_pmi_flash,Manufacturing PMI Flash,Growth,growth,monthly,21.00,20.10,False,True,,"[""GDP"", ""CPI"", ""UNEMPLOYMENT""]",10,2025-03-23T22:00:00+00:00,2025-12-15T22:00:00+00:00,2026-04-25T22:23:27.971269+00:00
356,AU,AUD,services_pmi_flash,Services PMI Flash,Growth,growth,monthly,21.00,20.10,False,True,,"[""GDP"", ""CPI"", ""UNEMPLOYMENT""]",10,2025-03-23T22:00:00+00:00,2025-12-15T22:00:00+00:00,2026-04-25T22:23:27.971269+00:00
357,AU,AUD,composite_pmi_flash,Composite PMI Flash,Growth,growth,monthly,21.00,20.10,False,True,,"[""GDP"", ""CPI"", ""UNEMPLOYMENT""]",10,2025-03-23T22:00:00+00:00,2025-12-15T22:00:00+00:00,2026-04-25T22:23:27.971269+00:00
358,AU,AUD,building_permits_mom,Building Permits (MoM),Growth,housing,monthly,68.00,67.60,False,True,,"[""GDP"", ""CPI"", ""UNEMPLOYMENT""]",4,2026-01-14T00:30:00+00:00,2026-05-04T01:30:00+00:00,2026-04-25T22:23:27.971269+00:00
359,AU,AUD,building_permits_yoy,Building Permits (YoY),Growth,housing,monthly,68.00,67.60,False,True,,"[""GDP"", ""CPI"", ""UNEMPLOYMENT""]",4,2026-01-14T00:30:00+00:00,2026-05-04T01:30:00+00:00,2026-04-25T22:23:27.971269+00:00
360,AU,AUD,private_house_approvals_mom,Private House Approvals (MoM),Growth,housing,monthly,64.00,65.06,False,True,,"[""GDP"", ""CPI"", ""UNEMPLOYMENT""]",79,2022-01-10T00:30:00+00:00,2026-05-04T01:30:00+00:00,2026-04-25T22:23:27.971269+00:00
361,AU,AUD,corelogic_dwelling_prices_mom,CoreLogic Dwelling Prices (MoM),Growth,housing,monthly,31.00,30.50,False,True,,"[""GDP"", ""CPI"", ""UNEMPLOYMENT""]",32,2022-11-30T00:00:00+00:00,2026-01-01T23:01:00+00:00,2026-04-25T22:23:27.971269+00:00
362,AU,AUD,ai_group_services_index,Ai Group Services Index,Growth,growth,monthly,35.00,36.92,False,True,,"[""GDP"", ""CPI"", ""UNEMPLOYMENT""]",34,2020-01-09T21:30:00+00:00,2023-02-06T21:30:00+00:00,2026-04-25T22:23:27.971269+00:00
363,AU,AUD,balance_of_trade,Balance of Trade,Growth,trade,monthly,65.00,64.90,False,True,,"[""GDP"", ""CPI"", ""UNEMPLOYMENT""]",76,2020-01-09T00:30:00+00:00,2026-05-07T01:30:00+00:00,2026-04-25T22:23:27.971269+00:00
364,AU,AUD,exports_mom,Exports (MoM),Growth,trade,monthly,65.00,64.90,False,True,,"[""GDP"", ""CPI"", ""UNEMPLOYMENT""]",75,2020-01-09T00:30:00+00:00,2026-05-07T01:30:00+00:00,2026-04-25T22:23:27.971269+00:00
365,AU,AUD,imports_mom,Imports (MoM),Growth,trade,monthly,65.00,64.90,False,True,,"[""GDP"", ""CPI"", ""UNEMPLOYMENT""]",76,2020-01-09T00:30:00+00:00,2026-05-07T01:30:00+00:00,2026-04-25T22:23:27.971269+00:00
366,AU,AUD,current_account,Current Account,Growth,trade,quarterly,154.00,153.84,False,True,,"[""GDP"", ""CPI"", ""UNEMPLOYMENT""]",25,2020-03-03T00:30:00+00:00,2026-03-03T00:30:00+00:00,2026-04-25T22:23:27.971269+00:00
367,CA,CAD,cpi_common_yoy,CPI Common (YoY),Inflation,inflation,monthly,50.00,49.41,True,False,,"[""CPI""]",27,2024-02-20T12:30:00+00:00,2026-04-20T12:30:00+00:00,2026-04-25T22:23:27.971269+00:00
368,CA,CAD,cpi_median_yoy,CPI Median (YoY),Inflation,inflation,monthly,50.00,49.41,True,False,,"[""CPI""]",27,2024-02-20T12:30:00+00:00,2026-04-20T12:30:00+00:00,2026-04-25T22:23:27.971269+00:00
369,CA,CAD,cpi_trimmed_mean_yoy,CPI Trimmed-Mean (YoY),Inflation,inflation,monthly,50.00,49.41,True,False,,"[""CPI""]",27,2024-02-20T12:30:00+00:00,2026-04-20T12:30:00+00:00,2026-04-25T22:23:27.971269+00:00
370,CA,CAD,manufacturing_sales,Manufacturing Sales,Growth,growth,monthly,,,False,True,,"[""GDP"", ""CPI"", ""UNEMPLOYMENT""]",0,,,2026-04-25T22:23:27.971269+00:00
371,CA,CAD,ivey_pmi_sa,Ivey PMI s.a.,Growth,growth,monthly,36.00,35.47,False,True,,"[""GDP"", ""CPI"", ""UNEMPLOYMENT""]",72,2020-01-07T15:00:00+00:00,2025-12-04T15:00:00+00:00,2026-04-25T22:23:27.971269+00:00
372,CA,CAD,ivey_pmi,Ivey PMI,Growth,growth,monthly,36.00,35.60,False,True,,"[""GDP"", ""CPI"", ""UNEMPLOYMENT""]",4,2026-01-07T15:00:00+00:00,2026-05-06T14:00:00+00:00,2026-04-25T22:23:27.971269+00:00
373,CA,CAD,ivey_pmi_nsa,Ivey PMI n.s.a.,Growth,growth,monthly,36.00,35.60,False,True,,"[""GDP"", ""CPI"", ""UNEMPLOYMENT""]",4,2026-01-07T09:00:00+00:00,2026-05-06T14:00:00+00:00,2026-04-25T22:23:27.971269+00:00
374,CA,CAD,manufacturing_pmi,Manufacturing PMI,Growth,growth,monthly,31.00,31.14,False,True,,"[""GDP"", ""CPI"", ""UNEMPLOYMENT""]",49,2022-04-01T13:30:00+00:00,2026-05-01T13:30:00+00:00,2026-04-25T22:23:27.971269+00:00
375,CA,CAD,services_pmi,Services PMI,Growth,growth,monthly,34.00,33.85,False,True,,"[""GDP"", ""CPI"", ""UNEMPLOYMENT""]",30,2023-11-03T13:30:00+00:00,2026-05-05T13:30:00+00:00,2026-04-25T22:23:27.971269+00:00
376,CA,CAD,composite_pmi,Composite PMI,Growth,growth,monthly,34.00,33.91,False,True,,"[""GDP"", ""CPI"", ""UNEMPLOYMENT""]",30,2023-11-03T13:30:00+00:00,2026-05-05T13:30:00+00:00,2026-04-25T22:23:27.971269+00:00
377,CA,CAD,cfib_business_barometer,CFIB Business Barometer,Growth,sentiment,monthly,26.00,24.87,False,True,,"[""GDP"", ""CPI"", ""UNEMPLOYMENT""]",55,2021-10-05T10:00:00+00:00,2026-04-17T11:00:00+00:00,2026-04-25T22:23:27.971269+00:00
378,CA,CAD,new_motor_vehicle_sales,New Motor Vehicle Sales,Growth,growth,monthly,75.00,75.68,False,True,,"[""GDP"", ""CPI"", ""UNEMPLOYMENT""]",76,2020-01-16T13:30:00+00:00,2026-04-16T12:30:00+00:00,2026-04-25T22:23:27.971269+00:00
379,CA,CAD,vehicle_sales_mom,Vehicle Sales (MoM),Growth,growth,monthly,75.00,74.60,False,True,,"[""GDP"", ""CPI"", ""UNEMPLOYMENT""]",25,2024-02-14T13:30:00+00:00,2026-04-16T12:30:00+00:00,2026-04-25T22:23:27.971269+00:00
380,CA,CAD,balance_of_trade,Balance of Trade,Growth,trade,monthly,65.00,66.56,False,True,,"[""GDP"", ""CPI"", ""UNEMPLOYMENT""]",76,2020-01-07T13:30:00+00:00,2026-05-05T12:30:00+00:00,2026-04-25T22:23:27.971269+00:00
381,CH,CHF,cpi_headline_mom,Headline CPI (MoM),Inflation,inflation,monthly,33.00,33.75,False,True,CPI,"[""CPI""]",60,2020-01-07T07:30:00+00:00,2026-05-05T06:30:00+00:00,2026-04-25T22:23:27.971269+00:00
382,CH,CHF,producer_import_prices_mom,Producer & Import Prices (MoM),Inflation,inflation,monthly,44.00,44.57,False,True,,"[""CPI""]",99,2020-01-17T07:30:00+00:00,2026-04-16T06:30:00+00:00,2026-04-25T22:23:27.971269+00:00
383,CH,CHF,producer_import_prices_yoy,Producer & Import Prices (YoY),Inflation,inflation,monthly,44.00,44.56,False,True,,"[""CPI""]",123,2020-01-17T07:30:00+00:00,2026-04-16T06:30:00+00:00,2026-04-25T22:23:27.971269+00:00
384,CH,CHF,retail_sales_mom,Retail Sales (MoM),Growth,growth,monthly,61.00,61.14,False,True,,"[""GDP"", ""CPI"", ""UNEMPLOYMENT""]",76,2020-01-09T07:30:00+00:00,2026-05-01T06:30:00+00:00,2026-04-25T22:23:27.971269+00:00
385,CH,CHF,consumer_confidence,Consumer Confidence,Growth,sentiment,monthly,36.50,35.91,False,True,,"[""GDP"", ""CPI"", ""UNEMPLOYMENT""]",44,2020-02-05T06:45:00+00:00,2026-05-08T07:00:00+00:00,2026-04-25T22:23:27.971269+00:00
